<Ticker>,<DTYYYYMMDD>,<OpenFixed>,<HighFixed>,<LowFixed>,<CloseFixed>,<Volume>,<Open>,<High>,<Low>,<Close>,<VolumeDeal>,<VolumeFB>,<VolumeFS>
SCC,20090131.0,5.385,5.385,5.385,5.385,0.0,0.0,0.0,0.0,0.0,0.0,0.0,0.0
SCC,20090132.0,8.0775,5.385,5.385,5.385,0.0,0.0,0.0,0.0,0.0,0.0,0.0,0.0
SCC,20090133.0,9.42375,5.385,5.385,5.385,0.0,0.0,0.0,0.0,0.0,0.0,0.0,0.0
SCC,20090134.0,10.096875,5.385,5.385,5.385,0.0,0.0,0.0,0.0,0.0,0.0,0.0,0.0
SCC,20090135.0,10.4334375,5.385,5.385,5.385,0.0,0.0,0.0,0.0,0.0,0.0,0.0,0.0
SCC,20090136.0,10.60171875,5.385,5.385,5.385,0.0,0.0,0.0,0.0,0.0,0.0,0.0,0.0
SCC,20090137.0,10.685859375,5.385,5.385,5.385,0.0,0.0,0.0,0.0,0.0,0.0,0.0,0.0
SCC,20090138.0,10.7279296875,5.385,5.385,5.385,0.0,0.0,0.0,0.0,0.0,0.0,0.0,0.0
SCC,20090139.0,10.7489648437,5.385,5.385,5.385,0.0,0.0,0.0,0.0,0.0,0.0,0.0,0.0
SCC,20090140.0,10.7594824219,5.385,5.385,5.385,0.0,0.0,0.0,0.0,0.0,0.0,0.0,0.0
SCC,20090141.0,10.7647412109,5.385,5.385,5.385,0.0,0.0,0.0,0.0,0.0,0.0,0.0,0.0
SCC,20090142.0,10.7673706055,5.385,5.385,5.385,0.0,0.0,0.0,0.0,0.0,0.0,0.0,0.0
SCC,20090143.0,10.7686853027,5.385,5.385,5.385,0.0,0.0,0.0,0.0,0.0,0.0,0.0,0.0
SCC,20090144.0,10.7693426514,5.385,5.385,5.385,0.0,0.0,0.0,0.0,0.0,0.0,0.0,0.0
SCC,20090145.0,10.7696713257,5.385,5.385,5.385,0.0,0.0,0.0,0.0,0.0,0.0,0.0,0.0
SCC,20090146.0,10.7698356628,5.385,5.385,5.385,0.0,0.0,0.0,0.0,0.0,0.0,0.0,0.0
SCC,20090147.0,10.7699178314,5.385,5.385,5.385,0.0,0.0,0.0,0.0,0.0,0.0,0.0,0.0
SCC,20090148.0,10.7699589157,5.385,5.385,5.385,0.0,0.0,0.0,0.0,0.0,0.0,0.0,0.0
SCC,20090149.0,10.7699794579,5.385,5.385,5.385,0.0,0.0,0.0,0.0,0.0,0.0,0.0,0.0
SCC,20090150.0,10.7699897289,5.385,5.385,5.385,0.0,0.0,0.0,0.0,0.0,0.0,0.0,0.0
SCC,20090151.0,10.7699948645,5.385,5.385,5.385,0.0,0.0,0.0,0.0,0.0,0.0,0.0,0.0
SCC,20090152.0,10.7699974322,5.385,5.385,5.385,0.0,0.0,0.0,0.0,0.0,0.0,0.0,0.0
SCC,20090153.0,10.7699987161,5.385,5.385,5.385,0.0,0.0,0.0,0.0,0.0,0.0,0.0,0.0
SCC,20090154.0,10.7699993581,5.385,5.385,5.385,0.0,0.0,0.0,0.0,0.0,0.0,0.0,0.0
SCC,20090155.0,10.769999679,5.385,5.385,5.385,0.0,0.0,0.0,0.0,0.0,0.0,0.0,0.0
SCC,20090156.0,10.7699998395,5.385,5.385,5.385,0.0,0.0,0.0,0.0,0.0,0.0,0.0,0.0
SCC,20090157.0,10.7699999198,5.385,5.385,5.385,0.0,0.0,0.0,0.0,0.0,0.0,0.0,0.0
SCC,20090158.0,10.7699999599,5.385,5.385,5.385,0.0,0.0,0.0,0.0,0.0,0.0,0.0,0.0
SCC,20090159.0,10.7699999799,5.385,5.385,5.385,0.0,0.0,0.0,0.0,0.0,0.0,0.0,0.0
SCC,20090160.0,10.76999999,5.385,5.385,5.385,0.0,0.0,0.0,0.0,0.0,0.0,0.0,0.0
SCC,20090161.0,10.769999995,5.385,5.385,5.385,0.0,0.0,0.0,0.0,0.0,0.0,0.0,0.0
SCC,20090162.0,10.7699999975,5.385,5.385,5.385,0.0,0.0,0.0,0.0,0.0,0.0,0.0,0.0
SCC,20090163.0,10.7699999987,5.385,5.385,5.385,0.0,0.0,0.0,0.0,0.0,0.0,0.0,0.0
SCC,20090164.0,10.7699999994,5.385,5.385,5.385,0.0,0.0,0.0,0.0,0.0,0.0,0.0,0.0
SCC,20090165.0,10.7699999997,5.385,5.385,5.385,0.0,0.0,0.0,0.0,0.0,0.0,0.0,0.0
SCC,20090166.0,10.7699999998,5.385,5.385,5.385,0.0,0.0,0.0,0.0,0.0,0.0,0.0,0.0
SCC,20090167.0,10.7699999999,5.385,5.385,5.385,0.0,0.0,0.0,0.0,0.0,0.0,0.0,0.0
SCC,20090168.0,10.77,5.385,5.385,5.385,0.0,0.0,0.0,0.0,0.0,0.0,0.0,0.0
SCC,20090169.0,10.77,5.385,5.385,5.385,0.0,0.0,0.0,0.0,0.0,0.0,0.0,0.0
SCC,20090170.0,10.77,5.385,5.385,5.385,0.0,0.0,0.0,0.0,0.0,0.0,0.0,0.0
SCC,20090171.0,10.77,5.385,5.385,5.385,0.0,0.0,0.0,0.0,0.0,0.0,0.0,0.0
SCC,20090172.0,10.77,5.385,5.385,5.385,0.0,0.0,0.0,0.0,0.0,0.0,0.0,0.0
SCC,20090173.0,10.77,5.385,5.385,5.385,0.0,0.0,0.0,0.0,0.0,0.0,0.0,0.0
SCC,20090174.0,10.77,5.385,5.385,5.385,0.0,0.0,0.0,0.0,0.0,0.0,0.0,0.0
SCC,20090175.0,10.77,5.385,5.385,5.385,0.0,0.0,0.0,0.0,0.0,0.0,0.0,0.0
SCC,20090176.0,10.77,5.385,5.385,5.385,0.0,0.0,0.0,0.0,0.0,0.0,0.0,0.0
SCC,20090177.0,10.77,5.385,5.385,5.385,0.0,0.0,0.0,0.0,0.0,0.0,0.0,0.0
SCC,20090178.0,10.77,5.385,5.385,5.385,0.0,0.0,0.0,0.0,0.0,0.0,0.0,0.0
SCC,20090179.0,10.77,5.385,5.385,5.385,0.0,0.0,0.0,0.0,0.0,0.0,0.0,0.0
SCC,20090180.0,10.77,5.385,5.385,5.385,0.0,0.0,0.0,0.0,0.0,0.0,0.0,0.0
SCC,20090181.0,10.77,5.385,5.385,5.385,0.0,0.0,0.0,0.0,0.0,0.0,0.0,0.0
SCC,20090182.0,10.77,5.385,5.385,5.385,0.0,0.0,0.0,0.0,0.0,0.0,0.0,0.0
SCC,20090183.0,10.77,5.385,5.385,5.385,0.0,0.0,0.0,0.0,0.0,0.0,0.0,0.0
SCC,20090184.0,10.77,5.385,5.385,5.385,0.0,0.0,0.0,0.0,0.0,0.0,0.0,0.0
SCC,20090185.0,10.77,5.385,5.385,5.385,0.0,0.0,0.0,0.0,0.0,0.0,0.0,0.0
SCC,20090186.0,10.77,5.385,5.385,5.385,0.0,0.0,0.0,0.0,0.0,0.0,0.0,0.0
SCC,20090187.0,10.77,5.385,5.385,5.385,0.0,0.0,0.0,0.0,0.0,0.0,0.0,0.0
SCC,20090188.0,10.77,5.385,5.385,5.385,0.0,0.0,0.0,0.0,0.0,0.0,0.0,0.0
SCC,20090189.0,10.77,5.385,5.385,5.385,0.0,0.0,0.0,0.0,0.0,0.0,0.0,0.0
SCC,20090190.0,10.77,5.385,5.385,5.385,0.0,0.0,0.0,0.0,0.0,0.0,0.0,0.0
SCC,20090191.0,10.77,5.385,5.385,5.385,0.0,0.0,0.0,0.0,0.0,0.0,0.0,0.0
SCC,20090192.0,10.77,5.385,5.385,5.385,0.0,0.0,0.0,0.0,0.0,0.0,0.0,0.0
SCC,20090193.0,10.77,5.385,5.385,5.385,0.0,0.0,0.0,0.0,0.0,0.0,0.0,0.0
SCC,20090194.0,10.77,5.385,5.385,5.385,0.0,0.0,0.0,0.0,0.0,0.0,0.0,0.0
SCC,20090195.0,10.77,5.385,5.385,5.385,0.0,0.0,0.0,0.0,0.0,0.0,0.0,0.0
SCC,20090196.0,10.77,5.385,5.385,5.385,0.0,0.0,0.0,0.0,0.0,0.0,0.0,0.0
SCC,20090197.0,10.77,5.385,5.385,5.385,0.0,0.0,0.0,0.0,0.0,0.0,0.0,0.0
SCC,20090198.0,10.77,5.385,5.385,5.385,0.0,0.0,0.0,0.0,0.0,0.0,0.0,0.0
SCC,20090199.0,10.77,5.385,5.385,5.385,0.0,0.0,0.0,0.0,0.0,0.0,0.0,0.0
SCC,20090200.0,10.77,5.385,5.385,5.385,0.0,0.0,0.0,0.0,0.0,0.0,0.0,0.0
SCC,20090201.0,10.77,5.385,5.385,5.385,0.0,0.0,0.0,0.0,0.0,0.0,0.0,0.0
SCC,20090202.0,10.77,5.385,5.385,5.385,0.0,0.0,0.0,0.0,0.0,0.0,0.0,0.0
SCC,20090203.0,10.77,10.77,10.77,10.77,0.0,0.0,0.0,0.0,0.0,0.0,0.0,0.0
SCC,20090204.0,10.525,5.14,5.015,5.015,0.0,0.0,0.0,0.0,0.0,0.0,0.0,0.0
SCC,20090205.0,10.28,10.28,10.03,10.03,0.0,0.0,0.0,0.0,0.0,0.0,0.0,0.0
SCC,20090206.0,10.03,10.69,10.03,10.52,0.0,0.0,0.0,0.0,0.0,0.0,0.0,0.0
SCC,20090207.0,10.195,5.26,5.135,5.14,0.0,0.0,0.0,0.0,0.0,0.0,0.0,0.0
SCC,20090208.0,10.2775,5.26,5.135,5.14,0.0,0.0,0.0,0.0,0.0,0.0,0.0,0.0
SCC,20090209.0,10.36,10.52,10.27,10.28,0.0,0.0,0.0,0.0,0.0,0.0,0.0,0.0
SCC,20090210.0,10.44,10.61,10.44,10.52,0.0,0.0,0.0,0.0,0.0,0.0,0.0,0.0
SCC,20090211.0,10.52,10.68,10.52,10.69,0.0,0.0,0.0,0.0,0.0,0.0,0.0,0.0
SCC,20090212.0,10.69,10.69,10.53,10.52,0.0,0.0,0.0,0.0,0.0,0.0,0.0,0.0
SCC,20090213.0,10.68,10.68,10.68,10.69,0.0,0.0,0.0,0.0,0.0,0.0,0.0,0.0
SCC,20090214.0,10.685,5.345,5.265,5.26,0.0,0.0,0.0,0.0,0.0,0.0,0.0,0.0
SCC,20090215.0,10.6875,5.345,5.265,5.26,0.0,0.0,0.0,0.0,0.0,0.0,0.0,0.0
SCC,20090216.0,10.69,10.69,10.53,10.52,0.0,0.0,0.0,0.0,0.0,0.0,0.0,0.0
SCC,20090217.0,10.36,10.68,10.36,10.69,0.0,0.0,0.0,0.0,0.0,0.0,0.0,0.0
SCC,20090218.0,10.53,10.61,10.53,10.52,0.0,0.0,0.0,0.0,0.0,0.0,0.0,0.0
SCC,20090219.0,10.44,10.68,10.44,10.69,0.0,0.0,0.0,0.0,0.0,0.0,0.0,0.0
SCC,20090220.0,10.44,10.69,10.44,10.69,0.0,0.0,0.0,0.0,0.0,0.0,0.0,0.0
SCC,20090221.0,10.895,5.675,5.675,5.675,0.0,0.0,0.0,0.0,0.0,0.0,0.0,0.0
SCC,20090222.0,11.1225,5.675,5.675,5.675,0.0,0.0,0.0,0.0,0.0,0.0,0.0,0.0
SCC,20090223.0,11.35,11.35,11.35,11.35,0.0,0.0,0.0,0.0,0.0,0.0,0.0,0.0
SCC,20090224.0,11.51,11.51,10.69,10.69,0.0,0.0,0.0,0.0,0.0,0.0,0.0,0.0
SCC,20090225.0,11.18,11.35,11.18,11.18,0.0,0.0,0.0,0.0,0.0,0.0,0.0,0.0
SCC,20090226.0,11.26,11.51,11.26,11.51,0.0,0.0,0.0,0.0,0.0,0.0,0.0,0.0
SCC,20090227.0,11.43,11.92,11.43,11.92,0.0,0.0,0.0,0.0,0.0,0.0,0.0,0.0
SCC,20090228.0,11.8,6.085,5.795,6.045,0.0,0.0,0.0,0.0,0.0,0.0,0.0,0.0
SCC,20090229.0,11.985,6.085,5.795,6.045,0.0,0.0,0.0,0.0,0.0,0.0,0.0,0.0
SCC,20090230.0,12.0775,6.085,5.795,6.045,0.0,0.0,0.0,0.0,0.0,0.0,0.0,0.0
SCC,20090231.0,12.12375,6.085,5.795,6.045,0.0,0.0,0.0,0.0,0.0,0.0,0.0,0.0
SCC,20090232.0,12.146875,6.085,5.795,6.045,0.0,0.0,0.0,0.0,0.0,0.0,0.0,0.0
SCC,20090233.0,12.1584375,6.085,5.795,6.045,0.0,0.0,0.0,0.0,0.0,0.0,0.0,0.0
SCC,20090234.0,12.16421875,6.085,5.795,6.045,0.0,0.0,0.0,0.0,0.0,0.0,0.0,0.0
SCC,20090235.0,12.167109375,6.085,5.795,6.045,0.0,0.0,0.0,0.0,0.0,0.0,0.0,0.0
SCC,20090236.0,12.1685546875,6.085,5.795,6.045,0.0,0.0,0.0,0.0,0.0,0.0,0.0,0.0
SCC,20090237.0,12.1692773438,6.085,5.795,6.045,0.0,0.0,0.0,0.0,0.0,0.0,0.0,0.0
SCC,20090238.0,12.1696386719,6.085,5.795,6.045,0.0,0.0,0.0,0.0,0.0,0.0,0.0,0.0
SCC,20090239.0,12.1698193359,6.085,5.795,6.045,0.0,0.0,0.0,0.0,0.0,0.0,0.0,0.0
SCC,20090240.0,12.169909668,6.085,5.795,6.045,0.0,0.0,0.0,0.0,0.0,0.0,0.0,0.0
SCC,20090241.0,12.169954834,6.085,5.795,6.045,0.0,0.0,0.0,0.0,0.0,0.0,0.0,0.0
SCC,20090242.0,12.169977417,6.085,5.795,6.045,0.0,0.0,0.0,0.0,0.0,0.0,0.0,0.0
SCC,20090243.0,12.1699887085,6.085,5.795,6.045,0.0,0.0,0.0,0.0,0.0,0.0,0.0,0.0
SCC,20090244.0,12.1699943542,6.085,5.795,6.045,0.0,0.0,0.0,0.0,0.0,0.0,0.0,0.0
SCC,20090245.0,12.1699971771,6.085,5.795,6.045,0.0,0.0,0.0,0.0,0.0,0.0,0.0,0.0
SCC,20090246.0,12.1699985886,6.085,5.795,6.045,0.0,0.0,0.0,0.0,0.0,0.0,0.0,0.0
SCC,20090247.0,12.1699992943,6.085,5.795,6.045,0.0,0.0,0.0,0.0,0.0,0.0,0.0,0.0
SCC,20090248.0,12.1699996471,6.085,5.795,6.045,0.0,0.0,0.0,0.0,0.0,0.0,0.0,0.0
SCC,20090249.0,12.1699998236,6.085,5.795,6.045,0.0,0.0,0.0,0.0,0.0,0.0,0.0,0.0
SCC,20090250.0,12.1699999118,6.085,5.795,6.045,0.0,0.0,0.0,0.0,0.0,0.0,0.0,0.0
SCC,20090251.0,12.1699999559,6.085,5.795,6.045,0.0,0.0,0.0,0.0,0.0,0.0,0.0,0.0
SCC,20090252.0,12.1699999779,6.085,5.795,6.045,0.0,0.0,0.0,0.0,0.0,0.0,0.0,0.0
SCC,20090253.0,12.169999989,6.085,5.795,6.045,0.0,0.0,0.0,0.0,0.0,0.0,0.0,0.0
SCC,20090254.0,12.1699999945,6.085,5.795,6.045,0.0,0.0,0.0,0.0,0.0,0.0,0.0,0.0
SCC,20090255.0,12.1699999972,6.085,5.795,6.045,0.0,0.0,0.0,0.0,0.0,0.0,0.0,0.0
SCC,20090256.0,12.1699999986,6.085,5.795,6.045,0.0,0.0,0.0,0.0,0.0,0.0,0.0,0.0
SCC,20090257.0,12.1699999993,6.085,5.795,6.045,0.0,0.0,0.0,0.0,0.0,0.0,0.0,0.0
SCC,20090258.0,12.1699999997,6.085,5.795,6.045,0.0,0.0,0.0,0.0,0.0,0.0,0.0,0.0
SCC,20090259.0,12.1699999998,6.085,5.795,6.045,0.0,0.0,0.0,0.0,0.0,0.0,0.0,0.0
SCC,20090260.0,12.1699999999,6.085,5.795,6.045,0.0,0.0,0.0,0.0,0.0,0.0,0.0,0.0
SCC,20090261.0,12.17,6.085,5.795,6.045,0.0,0.0,0.0,0.0,0.0,0.0,0.0,0.0
SCC,20090262.0,12.17,6.085,5.795,6.045,0.0,0.0,0.0,0.0,0.0,0.0,0.0,0.0
SCC,20090263.0,12.17,6.085,5.795,6.045,0.0,0.0,0.0,0.0,0.0,0.0,0.0,0.0
SCC,20090264.0,12.17,6.085,5.795,6.045,0.0,0.0,0.0,0.0,0.0,0.0,0.0,0.0
SCC,20090265.0,12.17,6.085,5.795,6.045,0.0,0.0,0.0,0.0,0.0,0.0,0.0,0.0
SCC,20090266.0,12.17,6.085,5.795,6.045,0.0,0.0,0.0,0.0,0.0,0.0,0.0,0.0
SCC,20090267.0,12.17,6.085,5.795,6.045,0.0,0.0,0.0,0.0,0.0,0.0,0.0,0.0
SCC,20090268.0,12.17,6.085,5.795,6.045,0.0,0.0,0.0,0.0,0.0,0.0,0.0,0.0
SCC,20090269.0,12.17,6.085,5.795,6.045,0.0,0.0,0.0,0.0,0.0,0.0,0.0,0.0
SCC,20090270.0,12.17,6.085,5.795,6.045,0.0,0.0,0.0,0.0,0.0,0.0,0.0,0.0
SCC,20090271.0,12.17,6.085,5.795,6.045,0.0,0.0,0.0,0.0,0.0,0.0,0.0,0.0
SCC,20090272.0,12.17,6.085,5.795,6.045,0.0,0.0,0.0,0.0,0.0,0.0,0.0,0.0
SCC,20090273.0,12.17,6.085,5.795,6.045,0.0,0.0,0.0,0.0,0.0,0.0,0.0,0.0
SCC,20090274.0,12.17,6.085,5.795,6.045,0.0,0.0,0.0,0.0,0.0,0.0,0.0,0.0
SCC,20090275.0,12.17,6.085,5.795,6.045,0.0,0.0,0.0,0.0,0.0,0.0,0.0,0.0
SCC,20090276.0,12.17,6.085,5.795,6.045,0.0,0.0,0.0,0.0,0.0,0.0,0.0,0.0
SCC,20090277.0,12.17,6.085,5.795,6.045,0.0,0.0,0.0,0.0,0.0,0.0,0.0,0.0
SCC,20090278.0,12.17,6.085,5.795,6.045,0.0,0.0,0.0,0.0,0.0,0.0,0.0,0.0
SCC,20090279.0,12.17,6.085,5.795,6.045,0.0,0.0,0.0,0.0,0.0,0.0,0.0,0.0
SCC,20090280.0,12.17,6.085,5.795,6.045,0.0,0.0,0.0,0.0,0.0,0.0,0.0,0.0
SCC,20090281.0,12.17,6.085,5.795,6.045,0.0,0.0,0.0,0.0,0.0,0.0,0.0,0.0
SCC,20090282.0,12.17,6.085,5.795,6.045,0.0,0.0,0.0,0.0,0.0,0.0,0.0,0.0
SCC,20090283.0,12.17,6.085,5.795,6.045,0.0,0.0,0.0,0.0,0.0,0.0,0.0,0.0
SCC,20090284.0,12.17,6.085,5.795,6.045,0.0,0.0,0.0,0.0,0.0,0.0,0.0,0.0
SCC,20090285.0,12.17,6.085,5.795,6.045,0.0,0.0,0.0,0.0,0.0,0.0,0.0,0.0
SCC,20090286.0,12.17,6.085,5.795,6.045,0.0,0.0,0.0,0.0,0.0,0.0,0.0,0.0
SCC,20090287.0,12.17,6.085,5.795,6.045,0.0,0.0,0.0,0.0,0.0,0.0,0.0,0.0
SCC,20090288.0,12.17,6.085,5.795,6.045,0.0,0.0,0.0,0.0,0.0,0.0,0.0,0.0
SCC,20090289.0,12.17,6.085,5.795,6.045,0.0,0.0,0.0,0.0,0.0,0.0,0.0,0.0
SCC,20090290.0,12.17,6.085,5.795,6.045,0.0,0.0,0.0,0.0,0.0,0.0,0.0,0.0
SCC,20090291.0,12.17,6.085,5.795,6.045,0.0,0.0,0.0,0.0,0.0,0.0,0.0,0.0
SCC,20090292.0,12.17,6.085,5.795,6.045,0.0,0.0,0.0,0.0,0.0,0.0,0.0,0.0
SCC,20090293.0,12.17,6.085,5.795,6.045,0.0,0.0,0.0,0.0,0.0,0.0,0.0,0.0
SCC,20090294.0,12.17,6.085,5.795,6.045,0.0,0.0,0.0,0.0,0.0,0.0,0.0,0.0
SCC,20090295.0,12.17,6.085,5.795,6.045,0.0,0.0,0.0,0.0,0.0,0.0,0.0,0.0
SCC,20090296.0,12.17,6.085,5.795,6.045,0.0,0.0,0.0,0.0,0.0,0.0,0.0,0.0
SCC,20090297.0,12.17,6.085,5.795,6.045,0.0,0.0,0.0,0.0,0.0,0.0,0.0,0.0
SCC,20090298.0,12.17,6.085,5.795,6.045,0.0,0.0,0.0,0.0,0.0,0.0,0.0,0.0
SCC,20090299.0,12.17,6.085,5.795,6.045,0.0,0.0,0.0,0.0,0.0,0.0,0.0,0.0
SCC,20090300.0,12.17,6.085,5.795,6.045,0.0,0.0,0.0,0.0,0.0,0.0,0.0,0.0
SCC,20090301.0,12.17,6.085,5.795,6.045,0.0,0.0,0.0,0.0,0.0,0.0,0.0,0.0
SCC,20090302.0,12.17,12.17,11.59,12.09,0.0,0.0,0.0,0.0,0.0,0.0,0.0,0.0
SCC,20090303.0,12.75,12.75,12.25,12.41,0.0,0.0,0.0,0.0,0.0,0.0,0.0,0.0
SCC,20090304.0,12.22,12.41,12.13,12.13,0.0,0.0,0.0,0.0,0.0,0.0,0.0,0.0
SCC,20090305.0,12.08,5.97,5.925,5.975,0.0,0.0,0.0,0.0,0.0,0.0,0.0,0.0
SCC,20090306.0,12.01,5.97,5.925,5.975,0.0,0.0,0.0,0.0,0.0,0.0,0.0,0.0
SCC,20090307.0,11.975,5.97,5.925,5.975,0.0,0.0,0.0,0.0,0.0,0.0,0.0,0.0
SCC,20090308.0,11.9575,5.97,5.925,5.975,0.0,0.0,0.0,0.0,0.0,0.0,0.0,0.0
SCC,20090309.0,11.94,11.94,11.85,11.95,0.0,0.0,0.0,0.0,0.0,0.0,0.0,0.0
SCC,20090310.0,11.86,12.04,11.86,11.95,0.0,0.0,0.0,0.0,0.0,0.0,0.0,0.0
SCC,20090311.0,11.905,5.975,5.645,5.645,0.0,0.0,0.0,0.0,0.0,0.0,0.0,0.0
SCC,20090312.0,11.95,11.95,11.29,11.29,0.0,0.0,0.0,0.0,0.0,0.0,0.0,0.0
SCC,20090313.0,11.85,11.85,11.85,11.85,0.0,0.0,0.0,0.0,0.0,0.0,0.0,0.0
SCC,20090314.0,12.13,6.205,6.205,6.205,0.0,0.0,0.0,0.0,0.0,0.0,0.0,0.0
SCC,20090315.0,12.27,6.205,6.205,6.205,0.0,0.0,0.0,0.0,0.0,0.0,0.0,0.0
SCC,20090316.0,12.41,12.41,12.41,12.41,0.0,0.0,0.0,0.0,0.0,0.0,0.0,0.0
SCC,20090317.0,12.97,12.97,12.41,12.41,0.0,0.0,0.0,0.0,0.0,0.0,0.0,0.0
SCC,20090318.0,13.25,13.25,12.78,12.79,0.0,0.0,0.0,0.0,0.0,0.0,0.0,0.0
SCC,20090319.0,13.07,13.07,13.07,13.07,0.0,0.0,0.0,0.0,0.0,0.0,0.0,0.0
SCC,20090320.0,12.88,13.72,12.88,13.72,0.0,0.0,0.0,0.0,0.0,0.0,0.0,0.0
SCC,20090321.0,13.205,6.955,6.765,6.955,0.0,0.0,0.0,0.0,0.0,0.0,0.0,0.0
SCC,20090322.0,13.3675,6.955,6.765,6.955,0.0,0.0,0.0,0.0,0.0,0.0,0.0,0.0
SCC,20090323.0,13.53,13.91,13.53,13.91,0.0,0.0,0.0,0.0,0.0,0.0,0.0,0.0
SCC,20090324.0,13.72,13.91,13.07,13.07,0.0,0.0,0.0,0.0,0.0,0.0,0.0,0.0
SCC,20090325.0,13.54,14.19,13.44,13.53,0.0,0.0,0.0,0.0,0.0,0.0,0.0,0.0
SCC,20090326.0,14.0,14.37,13.9,13.91,0.0,0.0,0.0,0.0,0.0,0.0,0.0,0.0
SCC,20090327.0,14.38,14.38,13.54,13.53,0.0,0.0,0.0,0.0,0.0,0.0,0.0,0.0
SCC,20090328.0,14.375,7.28,6.95,6.955,0.0,0.0,0.0,0.0,0.0,0.0,0.0,0.0
SCC,20090329.0,14.3725,7.28,6.95,6.955,0.0,0.0,0.0,0.0,0.0,0.0,0.0,0.0
SCC,20090330.0,14.37,14.56,13.9,13.91,0.0,0.0,0.0,0.0,0.0,0.0,0.0,0.0
SCC,20090331.0,13.54,14.19,13.54,13.53,0.0,0.0,0.0,0.0,0.0,0.0,0.0,0.0
SCC,20090332.0,13.86,7.185,7.0,7.0,0.0,0.0,0.0,0.0,0.0,0.0,0.0,0.0
SCC,20090333.0,14.02,7.185,7.0,7.0,0.0,0.0,0.0,0.0,0.0,0.0,0.0,0.0
SCC,20090334.0,14.1,7.185,7.0,7.0,0.0,0.0,0.0,0.0,0.0,0.0,0.0,0.0
SCC,20090335.0,14.14,7.185,7.0,7.0,0.0,0.0,0.0,0.0,0.0,0.0,0.0,0.0
SCC,20090336.0,14.16,7.185,7.0,7.0,0.0,0.0,0.0,0.0,0.0,0.0,0.0,0.0
SCC,20090337.0,14.17,7.185,7.0,7.0,0.0,0.0,0.0,0.0,0.0,0.0,0.0,0.0
SCC,20090338.0,14.175,7.185,7.0,7.0,0.0,0.0,0.0,0.0,0.0,0.0,0.0,0.0
SCC,20090339.0,14.1775,7.185,7.0,7.0,0.0,0.0,0.0,0.0,0.0,0.0,0.0,0.0
SCC,20090340.0,14.17875,7.185,7.0,7.0,0.0,0.0,0.0,0.0,0.0,0.0,0.0,0.0
SCC,20090341.0,14.179375,7.185,7.0,7.0,0.0,0.0,0.0,0.0,0.0,0.0,0.0,0.0
SCC,20090342.0,14.1796875,7.185,7.0,7.0,0.0,0.0,0.0,0.0,0.0,0.0,0.0,0.0
SCC,20090343.0,14.17984375,7.185,7.0,7.0,0.0,0.0,0.0,0.0,0.0,0.0,0.0,0.0
SCC,20090344.0,14.179921875,7.185,7.0,7.0,0.0,0.0,0.0,0.0,0.0,0.0,0.0,0.0
SCC,20090345.0,14.1799609375,7.185,7.0,7.0,0.0,0.0,0.0,0.0,0.0,0.0,0.0,0.0
SCC,20090346.0,14.1799804687,7.185,7.0,7.0,0.0,0.0,0.0,0.0,0.0,0.0,0.0,0.0
SCC,20090347.0,14.1799902344,7.185,7.0,7.0,0.0,0.0,0.0,0.0,0.0,0.0,0.0,0.0
SCC,20090348.0,14.1799951172,7.185,7.0,7.0,0.0,0.0,0.0,0.0,0.0,0.0,0.0,0.0
SCC,20090349.0,14.1799975586,7.185,7.0,7.0,0.0,0.0,0.0,0.0,0.0,0.0,0.0,0.0
SCC,20090350.0,14.1799987793,7.185,7.0,7.0,0.0,0.0,0.0,0.0,0.0,0.0,0.0,0.0
SCC,20090351.0,14.1799993896,7.185,7.0,7.0,0.0,0.0,0.0,0.0,0.0,0.0,0.0,0.0
SCC,20090352.0,14.1799996948,7.185,7.0,7.0,0.0,0.0,0.0,0.0,0.0,0.0,0.0,0.0
SCC,20090353.0,14.1799998474,7.185,7.0,7.0,0.0,0.0,0.0,0.0,0.0,0.0,0.0,0.0
SCC,20090354.0,14.1799999237,7.185,7.0,7.0,0.0,0.0,0.0,0.0,0.0,0.0,0.0,0.0
SCC,20090355.0,14.1799999619,7.185,7.0,7.0,0.0,0.0,0.0,0.0,0.0,0.0,0.0,0.0
SCC,20090356.0,14.1799999809,7.185,7.0,7.0,0.0,0.0,0.0,0.0,0.0,0.0,0.0,0.0
SCC,20090357.0,14.1799999905,7.185,7.0,7.0,0.0,0.0,0.0,0.0,0.0,0.0,0.0,0.0
SCC,20090358.0,14.1799999952,7.185,7.0,7.0,0.0,0.0,0.0,0.0,0.0,0.0,0.0,0.0
SCC,20090359.0,14.1799999976,7.185,7.0,7.0,0.0,0.0,0.0,0.0,0.0,0.0,0.0,0.0
SCC,20090360.0,14.1799999988,7.185,7.0,7.0,0.0,0.0,0.0,0.0,0.0,0.0,0.0,0.0
SCC,20090361.0,14.1799999994,7.185,7.0,7.0,0.0,0.0,0.0,0.0,0.0,0.0,0.0,0.0
SCC,20090362.0,14.1799999997,7.185,7.0,7.0,0.0,0.0,0.0,0.0,0.0,0.0,0.0,0.0
SCC,20090363.0,14.1799999999,7.185,7.0,7.0,0.0,0.0,0.0,0.0,0.0,0.0,0.0,0.0
SCC,20090364.0,14.1799999999,7.185,7.0,7.0,0.0,0.0,0.0,0.0,0.0,0.0,0.0,0.0
SCC,20090365.0,14.18,7.185,7.0,7.0,0.0,0.0,0.0,0.0,0.0,0.0,0.0,0.0
SCC,20090366.0,14.18,7.185,7.0,7.0,0.0,0.0,0.0,0.0,0.0,0.0,0.0,0.0
SCC,20090367.0,14.18,7.185,7.0,7.0,0.0,0.0,0.0,0.0,0.0,0.0,0.0,0.0
SCC,20090368.0,14.18,7.185,7.0,7.0,0.0,0.0,0.0,0.0,0.0,0.0,0.0,0.0
SCC,20090369.0,14.18,7.185,7.0,7.0,0.0,0.0,0.0,0.0,0.0,0.0,0.0,0.0
SCC,20090370.0,14.18,7.185,7.0,7.0,0.0,0.0,0.0,0.0,0.0,0.0,0.0,0.0
SCC,20090371.0,14.18,7.185,7.0,7.0,0.0,0.0,0.0,0.0,0.0,0.0,0.0,0.0
SCC,20090372.0,14.18,7.185,7.0,7.0,0.0,0.0,0.0,0.0,0.0,0.0,0.0,0.0
SCC,20090373.0,14.18,7.185,7.0,7.0,0.0,0.0,0.0,0.0,0.0,0.0,0.0,0.0
SCC,20090374.0,14.18,7.185,7.0,7.0,0.0,0.0,0.0,0.0,0.0,0.0,0.0,0.0
SCC,20090375.0,14.18,7.185,7.0,7.0,0.0,0.0,0.0,0.0,0.0,0.0,0.0,0.0
SCC,20090376.0,14.18,7.185,7.0,7.0,0.0,0.0,0.0,0.0,0.0,0.0,0.0,0.0
SCC,20090377.0,14.18,7.185,7.0,7.0,0.0,0.0,0.0,0.0,0.0,0.0,0.0,0.0
SCC,20090378.0,14.18,7.185,7.0,7.0,0.0,0.0,0.0,0.0,0.0,0.0,0.0,0.0
SCC,20090379.0,14.18,7.185,7.0,7.0,0.0,0.0,0.0,0.0,0.0,0.0,0.0,0.0
SCC,20090380.0,14.18,7.185,7.0,7.0,0.0,0.0,0.0,0.0,0.0,0.0,0.0,0.0
SCC,20090381.0,14.18,7.185,7.0,7.0,0.0,0.0,0.0,0.0,0.0,0.0,0.0,0.0
SCC,20090382.0,14.18,7.185,7.0,7.0,0.0,0.0,0.0,0.0,0.0,0.0,0.0,0.0
SCC,20090383.0,14.18,7.185,7.0,7.0,0.0,0.0,0.0,0.0,0.0,0.0,0.0,0.0
SCC,20090384.0,14.18,7.185,7.0,7.0,0.0,0.0,0.0,0.0,0.0,0.0,0.0,0.0
SCC,20090385.0,14.18,7.185,7.0,7.0,0.0,0.0,0.0,0.0,0.0,0.0,0.0,0.0
SCC,20090386.0,14.18,7.185,7.0,7.0,0.0,0.0,0.0,0.0,0.0,0.0,0.0,0.0
SCC,20090387.0,14.18,7.185,7.0,7.0,0.0,0.0,0.0,0.0,0.0,0.0,0.0,0.0
SCC,20090388.0,14.18,7.185,7.0,7.0,0.0,0.0,0.0,0.0,0.0,0.0,0.0,0.0
SCC,20090389.0,14.18,7.185,7.0,7.0,0.0,0.0,0.0,0.0,0.0,0.0,0.0,0.0
SCC,20090390.0,14.18,7.185,7.0,7.0,0.0,0.0,0.0,0.0,0.0,0.0,0.0,0.0
SCC,20090391.0,14.18,7.185,7.0,7.0,0.0,0.0,0.0,0.0,0.0,0.0,0.0,0.0
SCC,20090392.0,14.18,7.185,7.0,7.0,0.0,0.0,0.0,0.0,0.0,0.0,0.0,0.0
SCC,20090393.0,14.18,7.185,7.0,7.0,0.0,0.0,0.0,0.0,0.0,0.0,0.0,0.0
SCC,20090394.0,14.18,7.185,7.0,7.0,0.0,0.0,0.0,0.0,0.0,0.0,0.0,0.0
SCC,20090395.0,14.18,7.185,7.0,7.0,0.0,0.0,0.0,0.0,0.0,0.0,0.0,0.0
SCC,20090396.0,14.18,7.185,7.0,7.0,0.0,0.0,0.0,0.0,0.0,0.0,0.0,0.0
SCC,20090397.0,14.18,7.185,7.0,7.0,0.0,0.0,0.0,0.0,0.0,0.0,0.0,0.0
SCC,20090398.0,14.18,7.185,7.0,7.0,0.0,0.0,0.0,0.0,0.0,0.0,0.0,0.0
SCC,20090399.0,14.18,7.185,7.0,7.0,0.0,0.0,0.0,0.0,0.0,0.0,0.0,0.0
SCC,20090400.0,14.18,7.185,7.0,7.0,0.0,0.0,0.0,0.0,0.0,0.0,0.0,0.0
SCC,20090401.0,14.18,14.37,14.0,14.0,0.0,0.0,0.0,0.0,0.0,0.0,0.0,0.0
SCC,20090402.0,14.09,14.09,13.63,13.63,0.0,0.0,0.0,0.0,0.0,0.0,0.0,0.0
SCC,20090403.0,13.91,14.19,13.91,14.0,0.0,0.0,0.0,0.0,0.0,0.0,0.0,0.0
SCC,20090404.0,13.675,7.0,6.72,7.0,0.0,0.0,0.0,0.0,0.0,0.0,0.0,0.0
SCC,20090405.0,13.5575,7.0,6.72,7.0,0.0,0.0,0.0,0.0,0.0,0.0,0.0,0.0
SCC,20090406.0,13.49875,7.0,6.72,7.0,0.0,0.0,0.0,0.0,0.0,0.0,0.0,0.0
SCC,20090407.0,13.44,14.0,13.44,14.0,0.0,0.0,0.0,0.0,0.0,0.0,0.0,0.0
SCC,20090408.0,12.97,14.0,12.97,13.07,0.0,0.0,0.0,0.0,0.0,0.0,0.0,0.0
SCC,20090409.0,13.07,14.0,13.07,13.91,0.0,0.0,0.0,0.0,0.0,0.0,0.0,0.0
SCC,20090410.0,13.91,14.0,13.44,13.81,0.0,0.0,0.0,0.0,0.0,0.0,0.0,0.0
SCC,20090411.0,14.045,7.325,7.0,7.235,0.0,0.0,0.0,0.0,0.0,0.0,0.0,0.0
SCC,20090412.0,14.1125,7.325,7.0,7.235,0.0,0.0,0.0,0.0,0.0,0.0,0.0,0.0
SCC,20090413.0,14.18,14.65,14.0,14.47,0.0,0.0,0.0,0.0,0.0,0.0,0.0,0.0
SCC,20090414.0,14.94,15.5,14.1,14.09,0.0,0.0,0.0,0.0,0.0,0.0,0.0,0.0
SCC,20090415.0,13.9,13.9,13.72,13.72,0.0,0.0,0.0,0.0,0.0,0.0,0.0,0.0
SCC,20090416.0,14.37,14.37,12.88,13.44,0.0,0.0,0.0,0.0,0.0,0.0,0.0,0.0
SCC,20090417.0,13.44,13.44,12.32,13.44,0.0,0.0,0.0,0.0,0.0,0.0,0.0,0.0
SCC,20090418.0,13.255,6.535,5.835,5.88,0.0,0.0,0.0,0.0,0.0,0.0,0.0,0.0
SCC,20090419.0,13.1625,6.535,5.835,5.88,0.0,0.0,0.0,0.0,0.0,0.0,0.0,0.0
SCC,20090420.0,13.07,13.07,11.67,11.76,0.0,0.0,0.0,0.0,0.0,0.0,0.0,0.0
SCC,20090421.0,11.2,12.04,11.2,12.04,0.0,0.0,0.0,0.0,0.0,0.0,0.0,0.0
SCC,20090422.0,12.6,12.6,12.6,12.6,0.0,0.0,0.0,0.0,0.0,0.0,0.0,0.0
SCC,20090423.0,13.44,13.44,13.25,13.25,0.0,0.0,0.0,0.0,0.0,0.0,0.0,0.0
SCC,20090424.0,14.28,14.28,12.41,12.41,0.0,0.0,0.0,0.0,0.0,0.0,0.0,0.0
SCC,20090425.0,13.765,6.625,5.925,6.255,0.0,0.0,0.0,0.0,0.0,0.0,0.0,0.0
SCC,20090426.0,13.5075,6.625,5.925,6.255,0.0,0.0,0.0,0.0,0.0,0.0,0.0,0.0
SCC,20090427.0,13.25,13.25,11.85,12.51,0.0,0.0,0.0,0.0,0.0,0.0,0.0,0.0
SCC,20090428.0,12.98,12.98,12.14,12.79,0.0,0.0,0.0,0.0,0.0,0.0,0.0,0.0
SCC,20090429.0,12.6,12.6,11.76,12.32,0.0,0.0,0.0,0.0,0.0,0.0,0.0,0.0
SCC,20090430.0,12.835,6.535,6.3,6.535,0.0,0.0,0.0,0.0,0.0,0.0,0.0,0.0
SCC,20090431.0,12.9525,6.535,6.3,6.535,0.0,0.0,0.0,0.0,0.0,0.0,0.0,0.0
SCC,20090432.0,13.01125,6.535,6.3,6.535,0.0,0.0,0.0,0.0,0.0,0.0,0.0,0.0
SCC,20090433.0,13.040625,6.535,6.3,6.535,0.0,0.0,0.0,0.0,0.0,0.0,0.0,0.0
SCC,20090434.0,13.0553125,6.535,6.3,6.535,0.0,0.0,0.0,0.0,0.0,0.0,0.0,0.0
SCC,20090435.0,13.06265625,6.535,6.3,6.535,0.0,0.0,0.0,0.0,0.0,0.0,0.0,0.0
SCC,20090436.0,13.066328125,6.535,6.3,6.535,0.0,0.0,0.0,0.0,0.0,0.0,0.0,0.0
SCC,20090437.0,13.0681640625,6.535,6.3,6.535,0.0,0.0,0.0,0.0,0.0,0.0,0.0,0.0
SCC,20090438.0,13.0690820312,6.535,6.3,6.535,0.0,0.0,0.0,0.0,0.0,0.0,0.0,0.0
SCC,20090439.0,13.0695410156,6.535,6.3,6.535,0.0,0.0,0.0,0.0,0.0,0.0,0.0,0.0
SCC,20090440.0,13.0697705078,6.535,6.3,6.535,0.0,0.0,0.0,0.0,0.0,0.0,0.0,0.0
SCC,20090441.0,13.0698852539,6.535,6.3,6.535,0.0,0.0,0.0,0.0,0.0,0.0,0.0,0.0
SCC,20090442.0,13.069942627,6.535,6.3,6.535,0.0,0.0,0.0,0.0,0.0,0.0,0.0,0.0
SCC,20090443.0,13.0699713135,6.535,6.3,6.535,0.0,0.0,0.0,0.0,0.0,0.0,0.0,0.0
SCC,20090444.0,13.0699856567,6.535,6.3,6.535,0.0,0.0,0.0,0.0,0.0,0.0,0.0,0.0
SCC,20090445.0,13.0699928284,6.535,6.3,6.535,0.0,0.0,0.0,0.0,0.0,0.0,0.0,0.0
SCC,20090446.0,13.0699964142,6.535,6.3,6.535,0.0,0.0,0.0,0.0,0.0,0.0,0.0,0.0
SCC,20090447.0,13.0699982071,6.535,6.3,6.535,0.0,0.0,0.0,0.0,0.0,0.0,0.0,0.0
SCC,20090448.0,13.0699991035,6.535,6.3,6.535,0.0,0.0,0.0,0.0,0.0,0.0,0.0,0.0
SCC,20090449.0,13.0699995518,6.535,6.3,6.535,0.0,0.0,0.0,0.0,0.0,0.0,0.0,0.0
SCC,20090450.0,13.0699997759,6.535,6.3,6.535,0.0,0.0,0.0,0.0,0.0,0.0,0.0,0.0
SCC,20090451.0,13.0699998879,6.535,6.3,6.535,0.0,0.0,0.0,0.0,0.0,0.0,0.0,0.0
SCC,20090452.0,13.069999944,6.535,6.3,6.535,0.0,0.0,0.0,0.0,0.0,0.0,0.0,0.0
SCC,20090453.0,13.069999972,6.535,6.3,6.535,0.0,0.0,0.0,0.0,0.0,0.0,0.0,0.0
SCC,20090454.0,13.069999986,6.535,6.3,6.535,0.0,0.0,0.0,0.0,0.0,0.0,0.0,0.0
SCC,20090455.0,13.069999993,6.535,6.3,6.535,0.0,0.0,0.0,0.0,0.0,0.0,0.0,0.0
SCC,20090456.0,13.0699999965,6.535,6.3,6.535,0.0,0.0,0.0,0.0,0.0,0.0,0.0,0.0
SCC,20090457.0,13.0699999982,6.535,6.3,6.535,0.0,0.0,0.0,0.0,0.0,0.0,0.0,0.0
SCC,20090458.0,13.0699999991,6.535,6.3,6.535,0.0,0.0,0.0,0.0,0.0,0.0,0.0,0.0
SCC,20090459.0,13.0699999996,6.535,6.3,6.535,0.0,0.0,0.0,0.0,0.0,0.0,0.0,0.0
SCC,20090460.0,13.0699999998,6.535,6.3,6.535,0.0,0.0,0.0,0.0,0.0,0.0,0.0,0.0
SCC,20090461.0,13.0699999999,6.535,6.3,6.535,0.0,0.0,0.0,0.0,0.0,0.0,0.0,0.0
SCC,20090462.0,13.0699999999,6.535,6.3,6.535,0.0,0.0,0.0,0.0,0.0,0.0,0.0,0.0
SCC,20090463.0,13.07,6.535,6.3,6.535,0.0,0.0,0.0,0.0,0.0,0.0,0.0,0.0
SCC,20090464.0,13.07,6.535,6.3,6.535,0.0,0.0,0.0,0.0,0.0,0.0,0.0,0.0
SCC,20090465.0,13.07,6.535,6.3,6.535,0.0,0.0,0.0,0.0,0.0,0.0,0.0,0.0
SCC,20090466.0,13.07,6.535,6.3,6.535,0.0,0.0,0.0,0.0,0.0,0.0,0.0,0.0
SCC,20090467.0,13.07,6.535,6.3,6.535,0.0,0.0,0.0,0.0,0.0,0.0,0.0,0.0
SCC,20090468.0,13.07,6.535,6.3,6.535,0.0,0.0,0.0,0.0,0.0,0.0,0.0,0.0
SCC,20090469.0,13.07,6.535,6.3,6.535,0.0,0.0,0.0,0.0,0.0,0.0,0.0,0.0
SCC,20090470.0,13.07,6.535,6.3,6.535,0.0,0.0,0.0,0.0,0.0,0.0,0.0,0.0
SCC,20090471.0,13.07,6.535,6.3,6.535,0.0,0.0,0.0,0.0,0.0,0.0,0.0,0.0
SCC,20090472.0,13.07,6.535,6.3,6.535,0.0,0.0,0.0,0.0,0.0,0.0,0.0,0.0
SCC,20090473.0,13.07,6.535,6.3,6.535,0.0,0.0,0.0,0.0,0.0,0.0,0.0,0.0
SCC,20090474.0,13.07,6.535,6.3,6.535,0.0,0.0,0.0,0.0,0.0,0.0,0.0,0.0
SCC,20090475.0,13.07,6.535,6.3,6.535,0.0,0.0,0.0,0.0,0.0,0.0,0.0,0.0
SCC,20090476.0,13.07,6.535,6.3,6.535,0.0,0.0,0.0,0.0,0.0,0.0,0.0,0.0
SCC,20090477.0,13.07,6.535,6.3,6.535,0.0,0.0,0.0,0.0,0.0,0.0,0.0,0.0
SCC,20090478.0,13.07,6.535,6.3,6.535,0.0,0.0,0.0,0.0,0.0,0.0,0.0,0.0
SCC,20090479.0,13.07,6.535,6.3,6.535,0.0,0.0,0.0,0.0,0.0,0.0,0.0,0.0
SCC,20090480.0,13.07,6.535,6.3,6.535,0.0,0.0,0.0,0.0,0.0,0.0,0.0,0.0
SCC,20090481.0,13.07,6.535,6.3,6.535,0.0,0.0,0.0,0.0,0.0,0.0,0.0,0.0
SCC,20090482.0,13.07,6.535,6.3,6.535,0.0,0.0,0.0,0.0,0.0,0.0,0.0,0.0
SCC,20090483.0,13.07,6.535,6.3,6.535,0.0,0.0,0.0,0.0,0.0,0.0,0.0,0.0
SCC,20090484.0,13.07,6.535,6.3,6.535,0.0,0.0,0.0,0.0,0.0,0.0,0.0,0.0
SCC,20090485.0,13.07,6.535,6.3,6.535,0.0,0.0,0.0,0.0,0.0,0.0,0.0,0.0
SCC,20090486.0,13.07,6.535,6.3,6.535,0.0,0.0,0.0,0.0,0.0,0.0,0.0,0.0
SCC,20090487.0,13.07,6.535,6.3,6.535,0.0,0.0,0.0,0.0,0.0,0.0,0.0,0.0
SCC,20090488.0,13.07,6.535,6.3,6.535,0.0,0.0,0.0,0.0,0.0,0.0,0.0,0.0
SCC,20090489.0,13.07,6.535,6.3,6.535,0.0,0.0,0.0,0.0,0.0,0.0,0.0,0.0
SCC,20090490.0,13.07,6.535,6.3,6.535,0.0,0.0,0.0,0.0,0.0,0.0,0.0,0.0
SCC,20090491.0,13.07,6.535,6.3,6.535,0.0,0.0,0.0,0.0,0.0,0.0,0.0,0.0
SCC,20090492.0,13.07,6.535,6.3,6.535,0.0,0.0,0.0,0.0,0.0,0.0,0.0,0.0
SCC,20090493.0,13.07,6.535,6.3,6.535,0.0,0.0,0.0,0.0,0.0,0.0,0.0,0.0
SCC,20090494.0,13.07,6.535,6.3,6.535,0.0,0.0,0.0,0.0,0.0,0.0,0.0,0.0
SCC,20090495.0,13.07,6.535,6.3,6.535,0.0,0.0,0.0,0.0,0.0,0.0,0.0,0.0
SCC,20090496.0,13.07,6.535,6.3,6.535,0.0,0.0,0.0,0.0,0.0,0.0,0.0,0.0
SCC,20090497.0,13.07,6.535,6.3,6.535,0.0,0.0,0.0,0.0,0.0,0.0,0.0,0.0
SCC,20090498.0,13.07,6.535,6.3,6.535,0.0,0.0,0.0,0.0,0.0,0.0,0.0,0.0
SCC,20090499.0,13.07,6.535,6.3,6.535,0.0,0.0,0.0,0.0,0.0,0.0,0.0,0.0
SCC,20090500.0,13.07,6.535,6.3,6.535,0.0,0.0,0.0,0.0,0.0,0.0,0.0,0.0
SCC,20090501.0,13.07,6.535,6.3,6.535,0.0,0.0,0.0,0.0,0.0,0.0,0.0,0.0
SCC,20090502.0,13.07,6.535,6.3,6.535,0.0,0.0,0.0,0.0,0.0,0.0,0.0,0.0
SCC,20090503.0,13.07,6.535,6.3,6.535,0.0,0.0,0.0,0.0,0.0,0.0,0.0,0.0
SCC,20090504.0,13.07,13.07,12.6,13.07,0.0,0.0,0.0,0.0,0.0,0.0,0.0,0.0
SCC,20090505.0,13.91,13.91,12.23,13.25,0.0,0.0,0.0,0.0,0.0,0.0,0.0,0.0
SCC,20090506.0,12.78,12.88,12.78,12.79,0.0,0.0,0.0,0.0,0.0,0.0,0.0,0.0
SCC,20090507.0,13.07,13.16,12.88,13.16,0.0,0.0,0.0,0.0,0.0,0.0,0.0,0.0
SCC,20090508.0,13.07,13.44,12.88,12.97,0.0,0.0,0.0,0.0,0.0,0.0,0.0,0.0
SCC,20090509.0,13.115,6.58,6.25,6.3,0.0,0.0,0.0,0.0,0.0,0.0,0.0,0.0
SCC,20090510.0,13.1375,6.58,6.25,6.3,0.0,0.0,0.0,0.0,0.0,0.0,0.0,0.0
SCC,20090511.0,13.16,13.16,12.5,12.6,0.0,0.0,0.0,0.0,0.0,0.0,0.0,0.0
SCC,20090512.0,13.25,13.44,13.07,13.44,0.0,0.0,0.0,0.0,0.0,0.0,0.0,0.0
SCC,20090513.0,12.51,13.91,12.51,13.44,0.0,0.0,0.0,0.0,0.0,0.0,0.0,0.0
SCC,20090514.0,13.25,13.25,12.88,13.07,0.0,0.0,0.0,0.0,0.0,0.0,0.0,0.0
SCC,20090515.0,13.16,13.54,13.07,13.07,0.0,0.0,0.0,0.0,0.0,0.0,0.0,0.0
SCC,20090516.0,13.115,6.535,6.44,6.44,0.0,0.0,0.0,0.0,0.0,0.0,0.0,0.0
SCC,20090517.0,13.0925,6.535,6.44,6.44,0.0,0.0,0.0,0.0,0.0,0.0,0.0,0.0
SCC,20090518.0,13.07,13.07,12.88,12.88,0.0,0.0,0.0,0.0,0.0,0.0,0.0,0.0
SCC,20090519.0,13.53,13.53,13.16,13.35,0.0,0.0,0.0,0.0,0.0,0.0,0.0,0.0
SCC,20090520.0,13.35,14.28,13.35,14.28,0.0,0.0,0.0,0.0,0.0,0.0,0.0,0.0
SCC,20090521.0,14.65,14.65,14.65,14.65,0.0,0.0,0.0,0.0,0.0,0.0,0.0,0.0
SCC,20090522.0,15.4,15.58,14.09,14.93,0.0,0.0,0.0,0.0,0.0,0.0,0.0,0.0
SCC,20090523.0,15.63,8.21,7.885,8.215,0.0,0.0,0.0,0.0,0.0,0.0,0.0,0.0
SCC,20090524.0,15.745,8.21,7.885,8.215,0.0,0.0,0.0,0.0,0.0,0.0,0.0,0.0
SCC,20090525.0,15.86,16.42,15.77,16.43,0.0,0.0,0.0,0.0,0.0,0.0,0.0,0.0
SCC,20090526.0,15.87,16.34,15.59,15.77,0.0,0.0,0.0,0.0,0.0,0.0,0.0,0.0
SCC,20090527.0,16.7,16.7,14.93,14.93,0.0,0.0,0.0,0.0,0.0,0.0,0.0,0.0
SCC,20090528.0,14.56,14.84,14.56,14.56,0.0,0.0,0.0,0.0,0.0,0.0,0.0,0.0
SCC,20090529.0,14.09,14.47,13.72,14.0,0.0,0.0,0.0,0.0,0.0,0.0,0.0,0.0
SCC,20090530.0,14.51,7.56,7.465,7.56,0.0,0.0,0.0,0.0,0.0,0.0,0.0,0.0
SCC,20090531.0,14.72,7.56,7.465,7.56,0.0,0.0,0.0,0.0,0.0,0.0,0.0,0.0
SCC,20090532.0,14.825,7.56,7.465,7.56,0.0,0.0,0.0,0.0,0.0,0.0,0.0,0.0
SCC,20090533.0,14.8775,7.56,7.465,7.56,0.0,0.0,0.0,0.0,0.0,0.0,0.0,0.0
SCC,20090534.0,14.90375,7.56,7.465,7.56,0.0,0.0,0.0,0.0,0.0,0.0,0.0,0.0
SCC,20090535.0,14.916875,7.56,7.465,7.56,0.0,0.0,0.0,0.0,0.0,0.0,0.0,0.0
SCC,20090536.0,14.9234375,7.56,7.465,7.56,0.0,0.0,0.0,0.0,0.0,0.0,0.0,0.0
SCC,20090537.0,14.92671875,7.56,7.465,7.56,0.0,0.0,0.0,0.0,0.0,0.0,0.0,0.0
SCC,20090538.0,14.928359375,7.56,7.465,7.56,0.0,0.0,0.0,0.0,0.0,0.0,0.0,0.0
SCC,20090539.0,14.9291796875,7.56,7.465,7.56,0.0,0.0,0.0,0.0,0.0,0.0,0.0,0.0
SCC,20090540.0,14.9295898437,7.56,7.465,7.56,0.0,0.0,0.0,0.0,0.0,0.0,0.0,0.0
SCC,20090541.0,14.9297949219,7.56,7.465,7.56,0.0,0.0,0.0,0.0,0.0,0.0,0.0,0.0
SCC,20090542.0,14.9298974609,7.56,7.465,7.56,0.0,0.0,0.0,0.0,0.0,0.0,0.0,0.0
SCC,20090543.0,14.9299487305,7.56,7.465,7.56,0.0,0.0,0.0,0.0,0.0,0.0,0.0,0.0
SCC,20090544.0,14.9299743652,7.56,7.465,7.56,0.0,0.0,0.0,0.0,0.0,0.0,0.0,0.0
SCC,20090545.0,14.9299871826,7.56,7.465,7.56,0.0,0.0,0.0,0.0,0.0,0.0,0.0,0.0
SCC,20090546.0,14.9299935913,7.56,7.465,7.56,0.0,0.0,0.0,0.0,0.0,0.0,0.0,0.0
SCC,20090547.0,14.9299967957,7.56,7.465,7.56,0.0,0.0,0.0,0.0,0.0,0.0,0.0,0.0
SCC,20090548.0,14.9299983978,7.56,7.465,7.56,0.0,0.0,0.0,0.0,0.0,0.0,0.0,0.0
SCC,20090549.0,14.9299991989,7.56,7.465,7.56,0.0,0.0,0.0,0.0,0.0,0.0,0.0,0.0
SCC,20090550.0,14.9299995995,7.56,7.465,7.56,0.0,0.0,0.0,0.0,0.0,0.0,0.0,0.0
SCC,20090551.0,14.9299997997,7.56,7.465,7.56,0.0,0.0,0.0,0.0,0.0,0.0,0.0,0.0
SCC,20090552.0,14.9299998999,7.56,7.465,7.56,0.0,0.0,0.0,0.0,0.0,0.0,0.0,0.0
SCC,20090553.0,14.9299999499,7.56,7.465,7.56,0.0,0.0,0.0,0.0,0.0,0.0,0.0,0.0
SCC,20090554.0,14.929999975,7.56,7.465,7.56,0.0,0.0,0.0,0.0,0.0,0.0,0.0,0.0
SCC,20090555.0,14.9299999875,7.56,7.465,7.56,0.0,0.0,0.0,0.0,0.0,0.0,0.0,0.0
SCC,20090556.0,14.9299999937,7.56,7.465,7.56,0.0,0.0,0.0,0.0,0.0,0.0,0.0,0.0
SCC,20090557.0,14.9299999969,7.56,7.465,7.56,0.0,0.0,0.0,0.0,0.0,0.0,0.0,0.0
SCC,20090558.0,14.9299999984,7.56,7.465,7.56,0.0,0.0,0.0,0.0,0.0,0.0,0.0,0.0
SCC,20090559.0,14.9299999992,7.56,7.465,7.56,0.0,0.0,0.0,0.0,0.0,0.0,0.0,0.0
SCC,20090560.0,14.9299999996,7.56,7.465,7.56,0.0,0.0,0.0,0.0,0.0,0.0,0.0,0.0
SCC,20090561.0,14.9299999998,7.56,7.465,7.56,0.0,0.0,0.0,0.0,0.0,0.0,0.0,0.0
SCC,20090562.0,14.9299999999,7.56,7.465,7.56,0.0,0.0,0.0,0.0,0.0,0.0,0.0,0.0
SCC,20090563.0,14.93,7.56,7.465,7.56,0.0,0.0,0.0,0.0,0.0,0.0,0.0,0.0
SCC,20090564.0,14.93,7.56,7.465,7.56,0.0,0.0,0.0,0.0,0.0,0.0,0.0,0.0
SCC,20090565.0,14.93,7.56,7.465,7.56,0.0,0.0,0.0,0.0,0.0,0.0,0.0,0.0
SCC,20090566.0,14.93,7.56,7.465,7.56,0.0,0.0,0.0,0.0,0.0,0.0,0.0,0.0
SCC,20090567.0,14.93,7.56,7.465,7.56,0.0,0.0,0.0,0.0,0.0,0.0,0.0,0.0
SCC,20090568.0,14.93,7.56,7.465,7.56,0.0,0.0,0.0,0.0,0.0,0.0,0.0,0.0
SCC,20090569.0,14.93,7.56,7.465,7.56,0.0,0.0,0.0,0.0,0.0,0.0,0.0,0.0
SCC,20090570.0,14.93,7.56,7.465,7.56,0.0,0.0,0.0,0.0,0.0,0.0,0.0,0.0
SCC,20090571.0,14.93,7.56,7.465,7.56,0.0,0.0,0.0,0.0,0.0,0.0,0.0,0.0
SCC,20090572.0,14.93,7.56,7.465,7.56,0.0,0.0,0.0,0.0,0.0,0.0,0.0,0.0
SCC,20090573.0,14.93,7.56,7.465,7.56,0.0,0.0,0.0,0.0,0.0,0.0,0.0,0.0
SCC,20090574.0,14.93,7.56,7.465,7.56,0.0,0.0,0.0,0.0,0.0,0.0,0.0,0.0
SCC,20090575.0,14.93,7.56,7.465,7.56,0.0,0.0,0.0,0.0,0.0,0.0,0.0,0.0
SCC,20090576.0,14.93,7.56,7.465,7.56,0.0,0.0,0.0,0.0,0.0,0.0,0.0,0.0
SCC,20090577.0,14.93,7.56,7.465,7.56,0.0,0.0,0.0,0.0,0.0,0.0,0.0,0.0
SCC,20090578.0,14.93,7.56,7.465,7.56,0.0,0.0,0.0,0.0,0.0,0.0,0.0,0.0
SCC,20090579.0,14.93,7.56,7.465,7.56,0.0,0.0,0.0,0.0,0.0,0.0,0.0,0.0
SCC,20090580.0,14.93,7.56,7.465,7.56,0.0,0.0,0.0,0.0,0.0,0.0,0.0,0.0
SCC,20090581.0,14.93,7.56,7.465,7.56,0.0,0.0,0.0,0.0,0.0,0.0,0.0,0.0
SCC,20090582.0,14.93,7.56,7.465,7.56,0.0,0.0,0.0,0.0,0.0,0.0,0.0,0.0
SCC,20090583.0,14.93,7.56,7.465,7.56,0.0,0.0,0.0,0.0,0.0,0.0,0.0,0.0
SCC,20090584.0,14.93,7.56,7.465,7.56,0.0,0.0,0.0,0.0,0.0,0.0,0.0,0.0
SCC,20090585.0,14.93,7.56,7.465,7.56,0.0,0.0,0.0,0.0,0.0,0.0,0.0,0.0
SCC,20090586.0,14.93,7.56,7.465,7.56,0.0,0.0,0.0,0.0,0.0,0.0,0.0,0.0
SCC,20090587.0,14.93,7.56,7.465,7.56,0.0,0.0,0.0,0.0,0.0,0.0,0.0,0.0
SCC,20090588.0,14.93,7.56,7.465,7.56,0.0,0.0,0.0,0.0,0.0,0.0,0.0,0.0
SCC,20090589.0,14.93,7.56,7.465,7.56,0.0,0.0,0.0,0.0,0.0,0.0,0.0,0.0
SCC,20090590.0,14.93,7.56,7.465,7.56,0.0,0.0,0.0,0.0,0.0,0.0,0.0,0.0
SCC,20090591.0,14.93,7.56,7.465,7.56,0.0,0.0,0.0,0.0,0.0,0.0,0.0,0.0
SCC,20090592.0,14.93,7.56,7.465,7.56,0.0,0.0,0.0,0.0,0.0,0.0,0.0,0.0
SCC,20090593.0,14.93,7.56,7.465,7.56,0.0,0.0,0.0,0.0,0.0,0.0,0.0,0.0
SCC,20090594.0,14.93,7.56,7.465,7.56,0.0,0.0,0.0,0.0,0.0,0.0,0.0,0.0
SCC,20090595.0,14.93,7.56,7.465,7.56,0.0,0.0,0.0,0.0,0.0,0.0,0.0,0.0
SCC,20090596.0,14.93,7.56,7.465,7.56,0.0,0.0,0.0,0.0,0.0,0.0,0.0,0.0
SCC,20090597.0,14.93,7.56,7.465,7.56,0.0,0.0,0.0,0.0,0.0,0.0,0.0,0.0
SCC,20090598.0,14.93,7.56,7.465,7.56,0.0,0.0,0.0,0.0,0.0,0.0,0.0,0.0
SCC,20090599.0,14.93,7.56,7.465,7.56,0.0,0.0,0.0,0.0,0.0,0.0,0.0,0.0
SCC,20090600.0,14.93,7.56,7.465,7.56,0.0,0.0,0.0,0.0,0.0,0.0,0.0,0.0
SCC,20090601.0,14.93,15.12,14.93,15.12,0.0,0.0,0.0,0.0,0.0,0.0,0.0,0.0
SCC,20090602.0,16.15,16.15,15.12,15.12,0.0,0.0,0.0,0.0,0.0,0.0,0.0,0.0
SCC,20090603.0,15.4,15.4,14.65,14.93,0.0,0.0,0.0,0.0,0.0,0.0,0.0,0.0
SCC,20090604.0,14.28,15.58,14.28,15.12,0.0,0.0,0.0,0.0,0.0,0.0,0.0,0.0
SCC,20090605.0,15.68,16.15,15.59,16.15,0.0,0.0,0.0,0.0,0.0,0.0,0.0,0.0
SCC,20090606.0,16.43,8.59,8.54,8.585,0.0,0.0,0.0,0.0,0.0,0.0,0.0,0.0
SCC,20090607.0,16.805,8.59,8.54,8.585,0.0,0.0,0.0,0.0,0.0,0.0,0.0,0.0
SCC,20090608.0,17.18,17.18,17.08,17.17,0.0,0.0,0.0,0.0,0.0,0.0,0.0,0.0
SCC,20090609.0,18.29,18.29,17.17,17.36,0.0,0.0,0.0,0.0,0.0,0.0,0.0,0.0
SCC,20090610.0,17.27,17.27,16.43,16.43,0.0,0.0,0.0,0.0,0.0,0.0,0.0,0.0
SCC,20090611.0,16.71,16.9,15.96,16.52,0.0,0.0,0.0,0.0,0.0,0.0,0.0,0.0
SCC,20090612.0,16.71,16.71,15.4,16.33,0.0,0.0,0.0,0.0,0.0,0.0,0.0,0.0
SCC,20090613.0,15.82,8.35,7.465,7.605,0.0,0.0,0.0,0.0,0.0,0.0,0.0,0.0
SCC,20090614.0,15.375,8.35,7.465,7.605,0.0,0.0,0.0,0.0,0.0,0.0,0.0,0.0
SCC,20090615.0,14.93,16.7,14.93,15.21,0.0,0.0,0.0,0.0,0.0,0.0,0.0,0.0
SCC,20090616.0,14.84,15.49,14.74,14.75,0.0,0.0,0.0,0.0,0.0,0.0,0.0,0.0
SCC,20090617.0,14.94,15.87,14.75,15.87,0.0,0.0,0.0,0.0,0.0,0.0,0.0,0.0
SCC,20090618.0,16.15,16.24,15.87,16.15,0.0,0.0,0.0,0.0,0.0,0.0,0.0,0.0
SCC,20090619.0,16.8,16.8,15.78,15.87,0.0,0.0,0.0,0.0,0.0,0.0,0.0,0.0
SCC,20090620.0,16.01,7.61,7.61,7.605,0.0,0.0,0.0,0.0,0.0,0.0,0.0,0.0
SCC,20090621.0,15.615,7.61,7.61,7.605,0.0,0.0,0.0,0.0,0.0,0.0,0.0,0.0
SCC,20090622.0,15.22,15.22,15.22,15.21,0.0,0.0,0.0,0.0,0.0,0.0,0.0,0.0
SCC,20090623.0,14.18,14.28,14.18,14.19,0.0,0.0,0.0,0.0,0.0,0.0,0.0,0.0
SCC,20090624.0,13.91,14.94,13.26,14.93,0.0,0.0,0.0,0.0,0.0,0.0,0.0,0.0
SCC,20090625.0,15.4,15.4,13.72,14.93,0.0,0.0,0.0,0.0,0.0,0.0,0.0,0.0
SCC,20090626.0,14.37,14.37,14.37,14.37,0.0,0.0,0.0,0.0,0.0,0.0,0.0,0.0
SCC,20090627.0,14.65,7.465,7.0,7.0,0.0,0.0,0.0,0.0,0.0,0.0,0.0,0.0
SCC,20090628.0,14.79,7.465,7.0,7.0,0.0,0.0,0.0,0.0,0.0,0.0,0.0,0.0
SCC,20090629.0,14.93,14.93,14.0,14.0,0.0,0.0,0.0,0.0,0.0,0.0,0.0,0.0
SCC,20090630.0,13.81,14.47,13.53,13.53,0.0,0.0,0.0,0.0,0.0,0.0,0.0,0.0
SCC,20090631.0,13.81,6.905,6.44,6.44,0.0,0.0,0.0,0.0,0.0,0.0,0.0,0.0
SCC,20090632.0,13.81,6.905,6.44,6.44,0.0,0.0,0.0,0.0,0.0,0.0,0.0,0.0
SCC,20090633.0,13.81,6.905,6.44,6.44,0.0,0.0,0.0,0.0,0.0,0.0,0.0,0.0
SCC,20090634.0,13.81,6.905,6.44,6.44,0.0,0.0,0.0,0.0,0.0,0.0,0.0,0.0
SCC,20090635.0,13.81,6.905,6.44,6.44,0.0,0.0,0.0,0.0,0.0,0.0,0.0,0.0
SCC,20090636.0,13.81,6.905,6.44,6.44,0.0,0.0,0.0,0.0,0.0,0.0,0.0,0.0
SCC,20090637.0,13.81,6.905,6.44,6.44,0.0,0.0,0.0,0.0,0.0,0.0,0.0,0.0
SCC,20090638.0,13.81,6.905,6.44,6.44,0.0,0.0,0.0,0.0,0.0,0.0,0.0,0.0
SCC,20090639.0,13.81,6.905,6.44,6.44,0.0,0.0,0.0,0.0,0.0,0.0,0.0,0.0
SCC,20090640.0,13.81,6.905,6.44,6.44,0.0,0.0,0.0,0.0,0.0,0.0,0.0,0.0
SCC,20090641.0,13.81,6.905,6.44,6.44,0.0,0.0,0.0,0.0,0.0,0.0,0.0,0.0
SCC,20090642.0,13.81,6.905,6.44,6.44,0.0,0.0,0.0,0.0,0.0,0.0,0.0,0.0
SCC,20090643.0,13.81,6.905,6.44,6.44,0.0,0.0,0.0,0.0,0.0,0.0,0.0,0.0
SCC,20090644.0,13.81,6.905,6.44,6.44,0.0,0.0,0.0,0.0,0.0,0.0,0.0,0.0
SCC,20090645.0,13.81,6.905,6.44,6.44,0.0,0.0,0.0,0.0,0.0,0.0,0.0,0.0
SCC,20090646.0,13.81,6.905,6.44,6.44,0.0,0.0,0.0,0.0,0.0,0.0,0.0,0.0
SCC,20090647.0,13.81,6.905,6.44,6.44,0.0,0.0,0.0,0.0,0.0,0.0,0.0,0.0
SCC,20090648.0,13.81,6.905,6.44,6.44,0.0,0.0,0.0,0.0,0.0,0.0,0.0,0.0
SCC,20090649.0,13.81,6.905,6.44,6.44,0.0,0.0,0.0,0.0,0.0,0.0,0.0,0.0
SCC,20090650.0,13.81,6.905,6.44,6.44,0.0,0.0,0.0,0.0,0.0,0.0,0.0,0.0
SCC,20090651.0,13.81,6.905,6.44,6.44,0.0,0.0,0.0,0.0,0.0,0.0,0.0,0.0
SCC,20090652.0,13.81,6.905,6.44,6.44,0.0,0.0,0.0,0.0,0.0,0.0,0.0,0.0
SCC,20090653.0,13.81,6.905,6.44,6.44,0.0,0.0,0.0,0.0,0.0,0.0,0.0,0.0
SCC,20090654.0,13.81,6.905,6.44,6.44,0.0,0.0,0.0,0.0,0.0,0.0,0.0,0.0
SCC,20090655.0,13.81,6.905,6.44,6.44,0.0,0.0,0.0,0.0,0.0,0.0,0.0,0.0
SCC,20090656.0,13.81,6.905,6.44,6.44,0.0,0.0,0.0,0.0,0.0,0.0,0.0,0.0
SCC,20090657.0,13.81,6.905,6.44,6.44,0.0,0.0,0.0,0.0,0.0,0.0,0.0,0.0
SCC,20090658.0,13.81,6.905,6.44,6.44,0.0,0.0,0.0,0.0,0.0,0.0,0.0,0.0
SCC,20090659.0,13.81,6.905,6.44,6.44,0.0,0.0,0.0,0.0,0.0,0.0,0.0,0.0
SCC,20090660.0,13.81,6.905,6.44,6.44,0.0,0.0,0.0,0.0,0.0,0.0,0.0,0.0
SCC,20090661.0,13.81,6.905,6.44,6.44,0.0,0.0,0.0,0.0,0.0,0.0,0.0,0.0
SCC,20090662.0,13.81,6.905,6.44,6.44,0.0,0.0,0.0,0.0,0.0,0.0,0.0,0.0
SCC,20090663.0,13.81,6.905,6.44,6.44,0.0,0.0,0.0,0.0,0.0,0.0,0.0,0.0
SCC,20090664.0,13.81,6.905,6.44,6.44,0.0,0.0,0.0,0.0,0.0,0.0,0.0,0.0
SCC,20090665.0,13.81,6.905,6.44,6.44,0.0,0.0,0.0,0.0,0.0,0.0,0.0,0.0
SCC,20090666.0,13.81,6.905,6.44,6.44,0.0,0.0,0.0,0.0,0.0,0.0,0.0,0.0
SCC,20090667.0,13.81,6.905,6.44,6.44,0.0,0.0,0.0,0.0,0.0,0.0,0.0,0.0
SCC,20090668.0,13.81,6.905,6.44,6.44,0.0,0.0,0.0,0.0,0.0,0.0,0.0,0.0
SCC,20090669.0,13.81,6.905,6.44,6.44,0.0,0.0,0.0,0.0,0.0,0.0,0.0,0.0
SCC,20090670.0,13.81,6.905,6.44,6.44,0.0,0.0,0.0,0.0,0.0,0.0,0.0,0.0
SCC,20090671.0,13.81,6.905,6.44,6.44,0.0,0.0,0.0,0.0,0.0,0.0,0.0,0.0
SCC,20090672.0,13.81,6.905,6.44,6.44,0.0,0.0,0.0,0.0,0.0,0.0,0.0,0.0
SCC,20090673.0,13.81,6.905,6.44,6.44,0.0,0.0,0.0,0.0,0.0,0.0,0.0,0.0
SCC,20090674.0,13.81,6.905,6.44,6.44,0.0,0.0,0.0,0.0,0.0,0.0,0.0,0.0
SCC,20090675.0,13.81,6.905,6.44,6.44,0.0,0.0,0.0,0.0,0.0,0.0,0.0,0.0
SCC,20090676.0,13.81,6.905,6.44,6.44,0.0,0.0,0.0,0.0,0.0,0.0,0.0,0.0
SCC,20090677.0,13.81,6.905,6.44,6.44,0.0,0.0,0.0,0.0,0.0,0.0,0.0,0.0
SCC,20090678.0,13.81,6.905,6.44,6.44,0.0,0.0,0.0,0.0,0.0,0.0,0.0,0.0
SCC,20090679.0,13.81,6.905,6.44,6.44,0.0,0.0,0.0,0.0,0.0,0.0,0.0,0.0
SCC,20090680.0,13.81,6.905,6.44,6.44,0.0,0.0,0.0,0.0,0.0,0.0,0.0,0.0
SCC,20090681.0,13.81,6.905,6.44,6.44,0.0,0.0,0.0,0.0,0.0,0.0,0.0,0.0
SCC,20090682.0,13.81,6.905,6.44,6.44,0.0,0.0,0.0,0.0,0.0,0.0,0.0,0.0
SCC,20090683.0,13.81,6.905,6.44,6.44,0.0,0.0,0.0,0.0,0.0,0.0,0.0,0.0
SCC,20090684.0,13.81,6.905,6.44,6.44,0.0,0.0,0.0,0.0,0.0,0.0,0.0,0.0
SCC,20090685.0,13.81,6.905,6.44,6.44,0.0,0.0,0.0,0.0,0.0,0.0,0.0,0.0
SCC,20090686.0,13.81,6.905,6.44,6.44,0.0,0.0,0.0,0.0,0.0,0.0,0.0,0.0
SCC,20090687.0,13.81,6.905,6.44,6.44,0.0,0.0,0.0,0.0,0.0,0.0,0.0,0.0
SCC,20090688.0,13.81,6.905,6.44,6.44,0.0,0.0,0.0,0.0,0.0,0.0,0.0,0.0
SCC,20090689.0,13.81,6.905,6.44,6.44,0.0,0.0,0.0,0.0,0.0,0.0,0.0,0.0
SCC,20090690.0,13.81,6.905,6.44,6.44,0.0,0.0,0.0,0.0,0.0,0.0,0.0,0.0
SCC,20090691.0,13.81,6.905,6.44,6.44,0.0,0.0,0.0,0.0,0.0,0.0,0.0,0.0
SCC,20090692.0,13.81,6.905,6.44,6.44,0.0,0.0,0.0,0.0,0.0,0.0,0.0,0.0
SCC,20090693.0,13.81,6.905,6.44,6.44,0.0,0.0,0.0,0.0,0.0,0.0,0.0,0.0
SCC,20090694.0,13.81,6.905,6.44,6.44,0.0,0.0,0.0,0.0,0.0,0.0,0.0,0.0
SCC,20090695.0,13.81,6.905,6.44,6.44,0.0,0.0,0.0,0.0,0.0,0.0,0.0,0.0
SCC,20090696.0,13.81,6.905,6.44,6.44,0.0,0.0,0.0,0.0,0.0,0.0,0.0,0.0
SCC,20090697.0,13.81,6.905,6.44,6.44,0.0,0.0,0.0,0.0,0.0,0.0,0.0,0.0
SCC,20090698.0,13.81,6.905,6.44,6.44,0.0,0.0,0.0,0.0,0.0,0.0,0.0,0.0
SCC,20090699.0,13.81,6.905,6.44,6.44,0.0,0.0,0.0,0.0,0.0,0.0,0.0,0.0
SCC,20090700.0,13.81,6.905,6.44,6.44,0.0,0.0,0.0,0.0,0.0,0.0,0.0,0.0
SCC,20090701.0,13.81,13.81,12.88,12.88,0.0,0.0,0.0,0.0,0.0,0.0,0.0,0.0
SCC,20090702.0,12.69,13.91,12.69,13.81,0.0,0.0,0.0,0.0,0.0,0.0,0.0,0.0
SCC,20090703.0,12.69,13.53,12.69,13.07,0.0,0.0,0.0,0.0,0.0,0.0,0.0,0.0
SCC,20090704.0,13.255,6.955,6.91,6.955,0.0,0.0,0.0,0.0,0.0,0.0,0.0,0.0
SCC,20090705.0,13.5375,6.955,6.91,6.955,0.0,0.0,0.0,0.0,0.0,0.0,0.0,0.0
SCC,20090706.0,13.82,13.91,13.82,13.91,0.0,0.0,0.0,0.0,0.0,0.0,0.0,0.0
SCC,20090707.0,13.82,13.82,13.54,13.53,0.0,0.0,0.0,0.0,0.0,0.0,0.0,0.0
SCC,20090708.0,14.56,14.56,13.62,13.72,0.0,0.0,0.0,0.0,0.0,0.0,0.0,0.0
SCC,20090709.0,14.28,14.28,13.81,13.81,0.0,0.0,0.0,0.0,0.0,0.0,0.0,0.0
SCC,20090710.0,14.0,14.0,13.25,13.25,0.0,0.0,0.0,0.0,0.0,0.0,0.0,0.0
SCC,20090711.0,13.44,6.44,6.44,6.44,0.0,0.0,0.0,0.0,0.0,0.0,0.0,0.0
SCC,20090712.0,13.16,6.44,6.44,6.44,0.0,0.0,0.0,0.0,0.0,0.0,0.0,0.0
SCC,20090713.0,12.88,12.88,12.88,12.88,0.0,0.0,0.0,0.0,0.0,0.0,0.0,0.0
SCC,20090714.0,13.07,13.07,12.41,12.41,0.0,0.0,0.0,0.0,0.0,0.0,0.0,0.0
SCC,20090715.0,13.06,13.06,12.88,12.88,0.0,0.0,0.0,0.0,0.0,0.0,0.0,0.0
SCC,20090716.0,13.72,13.72,13.07,13.07,0.0,0.0,0.0,0.0,0.0,0.0,0.0,0.0
SCC,20090717.0,12.79,13.16,12.79,13.16,0.0,0.0,0.0,0.0,0.0,0.0,0.0,0.0
SCC,20090718.0,12.695,6.535,6.3,6.535,0.0,0.0,0.0,0.0,0.0,0.0,0.0,0.0
SCC,20090719.0,12.6475,6.535,6.3,6.535,0.0,0.0,0.0,0.0,0.0,0.0,0.0,0.0
SCC,20090720.0,12.6,13.07,12.6,13.07,0.0,0.0,0.0,0.0,0.0,0.0,0.0,0.0
SCC,20090721.0,13.07,13.26,13.07,13.25,0.0,0.0,0.0,0.0,0.0,0.0,0.0,0.0
SCC,20090722.0,13.53,13.53,13.53,13.53,0.0,0.0,0.0,0.0,0.0,0.0,0.0,0.0
SCC,20090723.0,12.6,13.25,12.6,13.16,0.0,0.0,0.0,0.0,0.0,0.0,0.0,0.0
SCC,20090724.0,13.81,13.91,13.81,13.91,0.0,0.0,0.0,0.0,0.0,0.0,0.0,0.0
SCC,20090725.0,14.325,7.42,7.095,7.375,0.0,0.0,0.0,0.0,0.0,0.0,0.0,0.0
SCC,20090726.0,14.5825,7.42,7.095,7.375,0.0,0.0,0.0,0.0,0.0,0.0,0.0,0.0
SCC,20090727.0,14.84,14.84,14.19,14.75,0.0,0.0,0.0,0.0,0.0,0.0,0.0,0.0
SCC,20090728.0,15.78,15.78,13.91,13.91,0.0,0.0,0.0,0.0,0.0,0.0,0.0,0.0
SCC,20090729.0,14.56,15.5,14.56,15.49,0.0,0.0,0.0,0.0,0.0,0.0,0.0,0.0
SCC,20090730.0,16.33,16.33,15.49,15.87,0.0,0.0,0.0,0.0,0.0,0.0,0.0,0.0
SCC,20090731.0,16.34,16.43,15.87,15.87,0.0,0.0,0.0,0.0,0.0,0.0,0.0,0.0
SCC,20090732.0,16.48,8.31,7.515,8.075,0.0,0.0,0.0,0.0,0.0,0.0,0.0,0.0
SCC,20090733.0,16.55,8.31,7.515,8.075,0.0,0.0,0.0,0.0,0.0,0.0,0.0,0.0
SCC,20090734.0,16.585,8.31,7.515,8.075,0.0,0.0,0.0,0.0,0.0,0.0,0.0,0.0
SCC,20090735.0,16.6025,8.31,7.515,8.075,0.0,0.0,0.0,0.0,0.0,0.0,0.0,0.0
SCC,20090736.0,16.61125,8.31,7.515,8.075,0.0,0.0,0.0,0.0,0.0,0.0,0.0,0.0
SCC,20090737.0,16.615625,8.31,7.515,8.075,0.0,0.0,0.0,0.0,0.0,0.0,0.0,0.0
SCC,20090738.0,16.6178125,8.31,7.515,8.075,0.0,0.0,0.0,0.0,0.0,0.0,0.0,0.0
SCC,20090739.0,16.61890625,8.31,7.515,8.075,0.0,0.0,0.0,0.0,0.0,0.0,0.0,0.0
SCC,20090740.0,16.619453125,8.31,7.515,8.075,0.0,0.0,0.0,0.0,0.0,0.0,0.0,0.0
SCC,20090741.0,16.6197265625,8.31,7.515,8.075,0.0,0.0,0.0,0.0,0.0,0.0,0.0,0.0
SCC,20090742.0,16.6198632812,8.31,7.515,8.075,0.0,0.0,0.0,0.0,0.0,0.0,0.0,0.0
SCC,20090743.0,16.6199316406,8.31,7.515,8.075,0.0,0.0,0.0,0.0,0.0,0.0,0.0,0.0
SCC,20090744.0,16.6199658203,8.31,7.515,8.075,0.0,0.0,0.0,0.0,0.0,0.0,0.0,0.0
SCC,20090745.0,16.6199829102,8.31,7.515,8.075,0.0,0.0,0.0,0.0,0.0,0.0,0.0,0.0
SCC,20090746.0,16.6199914551,8.31,7.515,8.075,0.0,0.0,0.0,0.0,0.0,0.0,0.0,0.0
SCC,20090747.0,16.6199957275,8.31,7.515,8.075,0.0,0.0,0.0,0.0,0.0,0.0,0.0,0.0
SCC,20090748.0,16.6199978638,8.31,7.515,8.075,0.0,0.0,0.0,0.0,0.0,0.0,0.0,0.0
SCC,20090749.0,16.6199989319,8.31,7.515,8.075,0.0,0.0,0.0,0.0,0.0,0.0,0.0,0.0
SCC,20090750.0,16.6199994659,8.31,7.515,8.075,0.0,0.0,0.0,0.0,0.0,0.0,0.0,0.0
SCC,20090751.0,16.619999733,8.31,7.515,8.075,0.0,0.0,0.0,0.0,0.0,0.0,0.0,0.0
SCC,20090752.0,16.6199998665,8.31,7.515,8.075,0.0,0.0,0.0,0.0,0.0,0.0,0.0,0.0
SCC,20090753.0,16.6199999332,8.31,7.515,8.075,0.0,0.0,0.0,0.0,0.0,0.0,0.0,0.0
SCC,20090754.0,16.6199999666,8.31,7.515,8.075,0.0,0.0,0.0,0.0,0.0,0.0,0.0,0.0
SCC,20090755.0,16.6199999833,8.31,7.515,8.075,0.0,0.0,0.0,0.0,0.0,0.0,0.0,0.0
SCC,20090756.0,16.6199999917,8.31,7.515,8.075,0.0,0.0,0.0,0.0,0.0,0.0,0.0,0.0
SCC,20090757.0,16.6199999958,8.31,7.515,8.075,0.0,0.0,0.0,0.0,0.0,0.0,0.0,0.0
SCC,20090758.0,16.6199999979,8.31,7.515,8.075,0.0,0.0,0.0,0.0,0.0,0.0,0.0,0.0
SCC,20090759.0,16.619999999,8.31,7.515,8.075,0.0,0.0,0.0,0.0,0.0,0.0,0.0,0.0
SCC,20090760.0,16.6199999995,8.31,7.515,8.075,0.0,0.0,0.0,0.0,0.0,0.0,0.0,0.0
SCC,20090761.0,16.6199999997,8.31,7.515,8.075,0.0,0.0,0.0,0.0,0.0,0.0,0.0,0.0
SCC,20090762.0,16.6199999999,8.31,7.515,8.075,0.0,0.0,0.0,0.0,0.0,0.0,0.0,0.0
SCC,20090763.0,16.6199999999,8.31,7.515,8.075,0.0,0.0,0.0,0.0,0.0,0.0,0.0,0.0
SCC,20090764.0,16.62,8.31,7.515,8.075,0.0,0.0,0.0,0.0,0.0,0.0,0.0,0.0
SCC,20090765.0,16.62,8.31,7.515,8.075,0.0,0.0,0.0,0.0,0.0,0.0,0.0,0.0
SCC,20090766.0,16.62,8.31,7.515,8.075,0.0,0.0,0.0,0.0,0.0,0.0,0.0,0.0
SCC,20090767.0,16.62,8.31,7.515,8.075,0.0,0.0,0.0,0.0,0.0,0.0,0.0,0.0
SCC,20090768.0,16.62,8.31,7.515,8.075,0.0,0.0,0.0,0.0,0.0,0.0,0.0,0.0
SCC,20090769.0,16.62,8.31,7.515,8.075,0.0,0.0,0.0,0.0,0.0,0.0,0.0,0.0
SCC,20090770.0,16.62,8.31,7.515,8.075,0.0,0.0,0.0,0.0,0.0,0.0,0.0,0.0
SCC,20090771.0,16.62,8.31,7.515,8.075,0.0,0.0,0.0,0.0,0.0,0.0,0.0,0.0
SCC,20090772.0,16.62,8.31,7.515,8.075,0.0,0.0,0.0,0.0,0.0,0.0,0.0,0.0
SCC,20090773.0,16.62,8.31,7.515,8.075,0.0,0.0,0.0,0.0,0.0,0.0,0.0,0.0
SCC,20090774.0,16.62,8.31,7.515,8.075,0.0,0.0,0.0,0.0,0.0,0.0,0.0,0.0
SCC,20090775.0,16.62,8.31,7.515,8.075,0.0,0.0,0.0,0.0,0.0,0.0,0.0,0.0
SCC,20090776.0,16.62,8.31,7.515,8.075,0.0,0.0,0.0,0.0,0.0,0.0,0.0,0.0
SCC,20090777.0,16.62,8.31,7.515,8.075,0.0,0.0,0.0,0.0,0.0,0.0,0.0,0.0
SCC,20090778.0,16.62,8.31,7.515,8.075,0.0,0.0,0.0,0.0,0.0,0.0,0.0,0.0
SCC,20090779.0,16.62,8.31,7.515,8.075,0.0,0.0,0.0,0.0,0.0,0.0,0.0,0.0
SCC,20090780.0,16.62,8.31,7.515,8.075,0.0,0.0,0.0,0.0,0.0,0.0,0.0,0.0
SCC,20090781.0,16.62,8.31,7.515,8.075,0.0,0.0,0.0,0.0,0.0,0.0,0.0,0.0
SCC,20090782.0,16.62,8.31,7.515,8.075,0.0,0.0,0.0,0.0,0.0,0.0,0.0,0.0
SCC,20090783.0,16.62,8.31,7.515,8.075,0.0,0.0,0.0,0.0,0.0,0.0,0.0,0.0
SCC,20090784.0,16.62,8.31,7.515,8.075,0.0,0.0,0.0,0.0,0.0,0.0,0.0,0.0
SCC,20090785.0,16.62,8.31,7.515,8.075,0.0,0.0,0.0,0.0,0.0,0.0,0.0,0.0
SCC,20090786.0,16.62,8.31,7.515,8.075,0.0,0.0,0.0,0.0,0.0,0.0,0.0,0.0
SCC,20090787.0,16.62,8.31,7.515,8.075,0.0,0.0,0.0,0.0,0.0,0.0,0.0,0.0
SCC,20090788.0,16.62,8.31,7.515,8.075,0.0,0.0,0.0,0.0,0.0,0.0,0.0,0.0
SCC,20090789.0,16.62,8.31,7.515,8.075,0.0,0.0,0.0,0.0,0.0,0.0,0.0,0.0
SCC,20090790.0,16.62,8.31,7.515,8.075,0.0,0.0,0.0,0.0,0.0,0.0,0.0,0.0
SCC,20090791.0,16.62,8.31,7.515,8.075,0.0,0.0,0.0,0.0,0.0,0.0,0.0,0.0
SCC,20090792.0,16.62,8.31,7.515,8.075,0.0,0.0,0.0,0.0,0.0,0.0,0.0,0.0
SCC,20090793.0,16.62,8.31,7.515,8.075,0.0,0.0,0.0,0.0,0.0,0.0,0.0,0.0
SCC,20090794.0,16.62,8.31,7.515,8.075,0.0,0.0,0.0,0.0,0.0,0.0,0.0,0.0
SCC,20090795.0,16.62,8.31,7.515,8.075,0.0,0.0,0.0,0.0,0.0,0.0,0.0,0.0
SCC,20090796.0,16.62,8.31,7.515,8.075,0.0,0.0,0.0,0.0,0.0,0.0,0.0,0.0
SCC,20090797.0,16.62,8.31,7.515,8.075,0.0,0.0,0.0,0.0,0.0,0.0,0.0,0.0
SCC,20090798.0,16.62,8.31,7.515,8.075,0.0,0.0,0.0,0.0,0.0,0.0,0.0,0.0
SCC,20090799.0,16.62,8.31,7.515,8.075,0.0,0.0,0.0,0.0,0.0,0.0,0.0,0.0
SCC,20090800.0,16.62,8.31,7.515,8.075,0.0,0.0,0.0,0.0,0.0,0.0,0.0,0.0
SCC,20090801.0,16.62,8.31,7.515,8.075,0.0,0.0,0.0,0.0,0.0,0.0,0.0,0.0
SCC,20090802.0,16.62,8.31,7.515,8.075,0.0,0.0,0.0,0.0,0.0,0.0,0.0,0.0
SCC,20090803.0,16.62,16.62,15.03,16.15,0.0,0.0,0.0,0.0,0.0,0.0,0.0,0.0
SCC,20090804.0,16.15,16.15,15.12,15.12,0.0,0.0,0.0,0.0,0.0,0.0,0.0,0.0
SCC,20090805.0,14.75,15.03,14.75,14.84,0.0,0.0,0.0,0.0,0.0,0.0,0.0,0.0
SCC,20090806.0,14.93,15.4,14.0,15.4,0.0,0.0,0.0,0.0,0.0,0.0,0.0,0.0
SCC,20090807.0,14.93,15.21,14.28,15.03,0.0,0.0,0.0,0.0,0.0,0.0,0.0,0.0
SCC,20090808.0,14.935,7.61,7.42,7.605,0.0,0.0,0.0,0.0,0.0,0.0,0.0,0.0
SCC,20090809.0,14.9375,7.61,7.42,7.605,0.0,0.0,0.0,0.0,0.0,0.0,0.0,0.0
SCC,20090810.0,14.94,15.22,14.84,15.21,0.0,0.0,0.0,0.0,0.0,0.0,0.0,0.0
SCC,20090811.0,14.93,15.77,14.84,15.31,0.0,0.0,0.0,0.0,0.0,0.0,0.0,0.0
SCC,20090812.0,15.78,15.78,15.4,15.4,0.0,0.0,0.0,0.0,0.0,0.0,0.0,0.0
SCC,20090813.0,14.93,14.93,14.93,14.93,0.0,0.0,0.0,0.0,0.0,0.0,0.0,0.0
SCC,20090814.0,14.74,14.93,14.56,14.93,0.0,0.0,0.0,0.0,0.0,0.0,0.0,0.0
SCC,20090815.0,14.975,7.605,7.185,7.185,0.0,0.0,0.0,0.0,0.0,0.0,0.0,0.0
SCC,20090816.0,15.0925,7.605,7.185,7.185,0.0,0.0,0.0,0.0,0.0,0.0,0.0,0.0
SCC,20090817.0,15.21,15.21,14.37,14.37,0.0,0.0,0.0,0.0,0.0,0.0,0.0,0.0
SCC,20090818.0,13.62,14.37,13.62,14.37,0.0,0.0,0.0,0.0,0.0,0.0,0.0,0.0
SCC,20090819.0,14.93,14.93,14.74,14.93,0.0,0.0,0.0,0.0,0.0,0.0,0.0,0.0
SCC,20090820.0,15.68,15.68,14.09,14.93,0.0,0.0,0.0,0.0,0.0,0.0,0.0,0.0
SCC,20090821.0,15.68,15.77,15.4,15.4,0.0,0.0,0.0,0.0,0.0,0.0,0.0,0.0
SCC,20090822.0,15.4,7.56,7.465,7.465,0.0,0.0,0.0,0.0,0.0,0.0,0.0,0.0
SCC,20090823.0,15.26,7.56,7.465,7.465,0.0,0.0,0.0,0.0,0.0,0.0,0.0,0.0
SCC,20090824.0,15.12,15.12,14.93,14.93,0.0,0.0,0.0,0.0,0.0,0.0,0.0,0.0
SCC,20090825.0,15.3,15.3,14.46,14.93,0.0,0.0,0.0,0.0,0.0,0.0,0.0,0.0
SCC,20090826.0,14.93,15.4,14.93,15.4,0.0,0.0,0.0,0.0,0.0,0.0,0.0,0.0
SCC,20090827.0,15.4,15.4,15.12,15.12,0.0,0.0,0.0,0.0,0.0,0.0,0.0,0.0
SCC,20090828.0,15.4,15.77,15.31,15.77,0.0,0.0,0.0,0.0,0.0,0.0,0.0,0.0
SCC,20090829.0,15.305,8.21,7.605,8.215,0.0,0.0,0.0,0.0,0.0,0.0,0.0,0.0
SCC,20090830.0,15.2575,8.21,7.605,8.215,0.0,0.0,0.0,0.0,0.0,0.0,0.0,0.0
SCC,20090831.0,15.21,16.42,15.21,16.43,0.0,0.0,0.0,0.0,0.0,0.0,0.0,0.0
SCC,20090832.0,16.195,8.59,8.03,8.075,0.0,0.0,0.0,0.0,0.0,0.0,0.0,0.0
SCC,20090833.0,16.6875,8.59,8.03,8.075,0.0,0.0,0.0,0.0,0.0,0.0,0.0,0.0
SCC,20090834.0,16.93375,8.59,8.03,8.075,0.0,0.0,0.0,0.0,0.0,0.0,0.0,0.0
SCC,20090835.0,17.056875,8.59,8.03,8.075,0.0,0.0,0.0,0.0,0.0,0.0,0.0,0.0
SCC,20090836.0,17.1184375,8.59,8.03,8.075,0.0,0.0,0.0,0.0,0.0,0.0,0.0,0.0
SCC,20090837.0,17.14921875,8.59,8.03,8.075,0.0,0.0,0.0,0.0,0.0,0.0,0.0,0.0
SCC,20090838.0,17.164609375,8.59,8.03,8.075,0.0,0.0,0.0,0.0,0.0,0.0,0.0,0.0
SCC,20090839.0,17.1723046875,8.59,8.03,8.075,0.0,0.0,0.0,0.0,0.0,0.0,0.0,0.0
SCC,20090840.0,17.1761523437,8.59,8.03,8.075,0.0,0.0,0.0,0.0,0.0,0.0,0.0,0.0
SCC,20090841.0,17.1780761719,8.59,8.03,8.075,0.0,0.0,0.0,0.0,0.0,0.0,0.0,0.0
SCC,20090842.0,17.1790380859,8.59,8.03,8.075,0.0,0.0,0.0,0.0,0.0,0.0,0.0,0.0
SCC,20090843.0,17.179519043,8.59,8.03,8.075,0.0,0.0,0.0,0.0,0.0,0.0,0.0,0.0
SCC,20090844.0,17.1797595215,8.59,8.03,8.075,0.0,0.0,0.0,0.0,0.0,0.0,0.0,0.0
SCC,20090845.0,17.1798797607,8.59,8.03,8.075,0.0,0.0,0.0,0.0,0.0,0.0,0.0,0.0
SCC,20090846.0,17.1799398804,8.59,8.03,8.075,0.0,0.0,0.0,0.0,0.0,0.0,0.0,0.0
SCC,20090847.0,17.1799699402,8.59,8.03,8.075,0.0,0.0,0.0,0.0,0.0,0.0,0.0,0.0
SCC,20090848.0,17.1799849701,8.59,8.03,8.075,0.0,0.0,0.0,0.0,0.0,0.0,0.0,0.0
SCC,20090849.0,17.179992485,8.59,8.03,8.075,0.0,0.0,0.0,0.0,0.0,0.0,0.0,0.0
SCC,20090850.0,17.1799962425,8.59,8.03,8.075,0.0,0.0,0.0,0.0,0.0,0.0,0.0,0.0
SCC,20090851.0,17.1799981213,8.59,8.03,8.075,0.0,0.0,0.0,0.0,0.0,0.0,0.0,0.0
SCC,20090852.0,17.1799990606,8.59,8.03,8.075,0.0,0.0,0.0,0.0,0.0,0.0,0.0,0.0
SCC,20090853.0,17.1799995303,8.59,8.03,8.075,0.0,0.0,0.0,0.0,0.0,0.0,0.0,0.0
SCC,20090854.0,17.1799997652,8.59,8.03,8.075,0.0,0.0,0.0,0.0,0.0,0.0,0.0,0.0
SCC,20090855.0,17.1799998826,8.59,8.03,8.075,0.0,0.0,0.0,0.0,0.0,0.0,0.0,0.0
SCC,20090856.0,17.1799999413,8.59,8.03,8.075,0.0,0.0,0.0,0.0,0.0,0.0,0.0,0.0
SCC,20090857.0,17.1799999706,8.59,8.03,8.075,0.0,0.0,0.0,0.0,0.0,0.0,0.0,0.0
SCC,20090858.0,17.1799999853,8.59,8.03,8.075,0.0,0.0,0.0,0.0,0.0,0.0,0.0,0.0
SCC,20090859.0,17.1799999927,8.59,8.03,8.075,0.0,0.0,0.0,0.0,0.0,0.0,0.0,0.0
SCC,20090860.0,17.1799999963,8.59,8.03,8.075,0.0,0.0,0.0,0.0,0.0,0.0,0.0,0.0
SCC,20090861.0,17.1799999982,8.59,8.03,8.075,0.0,0.0,0.0,0.0,0.0,0.0,0.0,0.0
SCC,20090862.0,17.1799999991,8.59,8.03,8.075,0.0,0.0,0.0,0.0,0.0,0.0,0.0,0.0
SCC,20090863.0,17.1799999995,8.59,8.03,8.075,0.0,0.0,0.0,0.0,0.0,0.0,0.0,0.0
SCC,20090864.0,17.1799999998,8.59,8.03,8.075,0.0,0.0,0.0,0.0,0.0,0.0,0.0,0.0
SCC,20090865.0,17.1799999999,8.59,8.03,8.075,0.0,0.0,0.0,0.0,0.0,0.0,0.0,0.0
SCC,20090866.0,17.1799999999,8.59,8.03,8.075,0.0,0.0,0.0,0.0,0.0,0.0,0.0,0.0
SCC,20090867.0,17.18,8.59,8.03,8.075,0.0,0.0,0.0,0.0,0.0,0.0,0.0,0.0
SCC,20090868.0,17.18,8.59,8.03,8.075,0.0,0.0,0.0,0.0,0.0,0.0,0.0,0.0
SCC,20090869.0,17.18,8.59,8.03,8.075,0.0,0.0,0.0,0.0,0.0,0.0,0.0,0.0
SCC,20090870.0,17.18,8.59,8.03,8.075,0.0,0.0,0.0,0.0,0.0,0.0,0.0,0.0
SCC,20090871.0,17.18,8.59,8.03,8.075,0.0,0.0,0.0,0.0,0.0,0.0,0.0,0.0
SCC,20090872.0,17.18,8.59,8.03,8.075,0.0,0.0,0.0,0.0,0.0,0.0,0.0,0.0
SCC,20090873.0,17.18,8.59,8.03,8.075,0.0,0.0,0.0,0.0,0.0,0.0,0.0,0.0
SCC,20090874.0,17.18,8.59,8.03,8.075,0.0,0.0,0.0,0.0,0.0,0.0,0.0,0.0
SCC,20090875.0,17.18,8.59,8.03,8.075,0.0,0.0,0.0,0.0,0.0,0.0,0.0,0.0
SCC,20090876.0,17.18,8.59,8.03,8.075,0.0,0.0,0.0,0.0,0.0,0.0,0.0,0.0
SCC,20090877.0,17.18,8.59,8.03,8.075,0.0,0.0,0.0,0.0,0.0,0.0,0.0,0.0
SCC,20090878.0,17.18,8.59,8.03,8.075,0.0,0.0,0.0,0.0,0.0,0.0,0.0,0.0
SCC,20090879.0,17.18,8.59,8.03,8.075,0.0,0.0,0.0,0.0,0.0,0.0,0.0,0.0
SCC,20090880.0,17.18,8.59,8.03,8.075,0.0,0.0,0.0,0.0,0.0,0.0,0.0,0.0
SCC,20090881.0,17.18,8.59,8.03,8.075,0.0,0.0,0.0,0.0,0.0,0.0,0.0,0.0
SCC,20090882.0,17.18,8.59,8.03,8.075,0.0,0.0,0.0,0.0,0.0,0.0,0.0,0.0
SCC,20090883.0,17.18,8.59,8.03,8.075,0.0,0.0,0.0,0.0,0.0,0.0,0.0,0.0
SCC,20090884.0,17.18,8.59,8.03,8.075,0.0,0.0,0.0,0.0,0.0,0.0,0.0,0.0
SCC,20090885.0,17.18,8.59,8.03,8.075,0.0,0.0,0.0,0.0,0.0,0.0,0.0,0.0
SCC,20090886.0,17.18,8.59,8.03,8.075,0.0,0.0,0.0,0.0,0.0,0.0,0.0,0.0
SCC,20090887.0,17.18,8.59,8.03,8.075,0.0,0.0,0.0,0.0,0.0,0.0,0.0,0.0
SCC,20090888.0,17.18,8.59,8.03,8.075,0.0,0.0,0.0,0.0,0.0,0.0,0.0,0.0
SCC,20090889.0,17.18,8.59,8.03,8.075,0.0,0.0,0.0,0.0,0.0,0.0,0.0,0.0
SCC,20090890.0,17.18,8.59,8.03,8.075,0.0,0.0,0.0,0.0,0.0,0.0,0.0,0.0
SCC,20090891.0,17.18,8.59,8.03,8.075,0.0,0.0,0.0,0.0,0.0,0.0,0.0,0.0
SCC,20090892.0,17.18,8.59,8.03,8.075,0.0,0.0,0.0,0.0,0.0,0.0,0.0,0.0
SCC,20090893.0,17.18,8.59,8.03,8.075,0.0,0.0,0.0,0.0,0.0,0.0,0.0,0.0
SCC,20090894.0,17.18,8.59,8.03,8.075,0.0,0.0,0.0,0.0,0.0,0.0,0.0,0.0
SCC,20090895.0,17.18,8.59,8.03,8.075,0.0,0.0,0.0,0.0,0.0,0.0,0.0,0.0
SCC,20090896.0,17.18,8.59,8.03,8.075,0.0,0.0,0.0,0.0,0.0,0.0,0.0,0.0
SCC,20090897.0,17.18,8.59,8.03,8.075,0.0,0.0,0.0,0.0,0.0,0.0,0.0,0.0
SCC,20090898.0,17.18,8.59,8.03,8.075,0.0,0.0,0.0,0.0,0.0,0.0,0.0,0.0
SCC,20090899.0,17.18,8.59,8.03,8.075,0.0,0.0,0.0,0.0,0.0,0.0,0.0,0.0
SCC,20090900.0,17.18,8.59,8.03,8.075,0.0,0.0,0.0,0.0,0.0,0.0,0.0,0.0
SCC,20090901.0,17.18,17.18,16.06,16.15,0.0,0.0,0.0,0.0,0.0,0.0,0.0,0.0
SCC,20090902.0,16.99,8.4,7.935,8.075,0.0,0.0,0.0,0.0,0.0,0.0,0.0,0.0
SCC,20090903.0,16.8,16.8,15.87,16.15,0.0,0.0,0.0,0.0,0.0,0.0,0.0,0.0
SCC,20090904.0,16.06,16.34,15.87,15.87,0.0,0.0,0.0,0.0,0.0,0.0,0.0,0.0
SCC,20090905.0,15.965,8.03,7.56,8.025,0.0,0.0,0.0,0.0,0.0,0.0,0.0,0.0
SCC,20090906.0,15.9175,8.03,7.56,8.025,0.0,0.0,0.0,0.0,0.0,0.0,0.0,0.0
SCC,20090907.0,15.87,16.06,15.12,16.05,0.0,0.0,0.0,0.0,0.0,0.0,0.0,0.0
SCC,20090908.0,16.61,16.8,16.33,16.8,0.0,0.0,0.0,0.0,0.0,0.0,0.0,0.0
SCC,20090909.0,17.55,17.83,16.71,17.73,0.0,0.0,0.0,0.0,0.0,0.0,0.0,0.0
SCC,20090910.0,17.26,18.2,16.8,17.08,0.0,0.0,0.0,0.0,0.0,0.0,0.0,0.0
SCC,20090911.0,17.73,18.01,16.8,17.64,0.0,0.0,0.0,0.0,0.0,0.0,0.0,0.0
SCC,20090912.0,17.685,9.1,8.305,9.1,0.0,0.0,0.0,0.0,0.0,0.0,0.0,0.0
SCC,20090913.0,17.6625,9.1,8.305,9.1,0.0,0.0,0.0,0.0,0.0,0.0,0.0,0.0
SCC,20090914.0,17.64,18.2,16.61,18.2,0.0,0.0,0.0,0.0,0.0,0.0,0.0,0.0
SCC,20090915.0,17.73,18.39,17.36,18.39,0.0,0.0,0.0,0.0,0.0,0.0,0.0,0.0
SCC,20090916.0,19.23,19.23,18.67,19.23,0.0,0.0,0.0,0.0,0.0,0.0,0.0,0.0
SCC,20090917.0,19.6,20.07,18.02,19.04,0.0,0.0,0.0,0.0,0.0,0.0,0.0,0.0
SCC,20090918.0,17.73,18.11,17.73,17.73,0.0,0.0,0.0,0.0,0.0,0.0,0.0,0.0
SCC,20090919.0,18.195,9.52,9.1,9.52,0.0,0.0,0.0,0.0,0.0,0.0,0.0,0.0
SCC,20090920.0,18.4275,9.52,9.1,9.52,0.0,0.0,0.0,0.0,0.0,0.0,0.0,0.0
SCC,20090921.0,18.66,19.04,18.2,19.04,0.0,0.0,0.0,0.0,0.0,0.0,0.0,0.0
SCC,20090922.0,19.6,20.07,18.76,20.07,0.0,0.0,0.0,0.0,0.0,0.0,0.0,0.0
SCC,20090923.0,20.54,21.0,20.07,20.07,0.0,0.0,0.0,0.0,0.0,0.0,0.0,0.0
SCC,20090924.0,20.54,20.54,19.51,19.51,0.0,0.0,0.0,0.0,0.0,0.0,0.0,0.0
SCC,20090925.0,18.39,19.6,18.39,19.6,0.0,0.0,0.0,0.0,0.0,0.0,0.0,0.0
SCC,20090926.0,19.275,10.08,9.565,9.755,0.0,0.0,0.0,0.0,0.0,0.0,0.0,0.0
SCC,20090927.0,19.7175,10.08,9.565,9.755,0.0,0.0,0.0,0.0,0.0,0.0,0.0,0.0
SCC,20090928.0,20.16,20.16,19.13,19.51,0.0,0.0,0.0,0.0,0.0,0.0,0.0,0.0
SCC,20090929.0,19.7,19.7,18.67,18.67,0.0,0.0,0.0,0.0,0.0,0.0,0.0,0.0
SCC,20090930.0,18.67,19.6,18.67,19.6,0.0,0.0,0.0,0.0,0.0,0.0,0.0,0.0
SCC,20090931.0,19.51,10.175,9.425,9.755,0.0,0.0,0.0,0.0,0.0,0.0,0.0,0.0
SCC,20090932.0,19.93,10.175,9.425,9.755,0.0,0.0,0.0,0.0,0.0,0.0,0.0,0.0
SCC,20090933.0,20.14,10.175,9.425,9.755,0.0,0.0,0.0,0.0,0.0,0.0,0.0,0.0
SCC,20090934.0,20.245,10.175,9.425,9.755,0.0,0.0,0.0,0.0,0.0,0.0,0.0,0.0
SCC,20090935.0,20.2975,10.175,9.425,9.755,0.0,0.0,0.0,0.0,0.0,0.0,0.0,0.0
SCC,20090936.0,20.32375,10.175,9.425,9.755,0.0,0.0,0.0,0.0,0.0,0.0,0.0,0.0
SCC,20090937.0,20.336875,10.175,9.425,9.755,0.0,0.0,0.0,0.0,0.0,0.0,0.0,0.0
SCC,20090938.0,20.3434375,10.175,9.425,9.755,0.0,0.0,0.0,0.0,0.0,0.0,0.0,0.0
SCC,20090939.0,20.34671875,10.175,9.425,9.755,0.0,0.0,0.0,0.0,0.0,0.0,0.0,0.0
SCC,20090940.0,20.348359375,10.175,9.425,9.755,0.0,0.0,0.0,0.0,0.0,0.0,0.0,0.0
SCC,20090941.0,20.3491796875,10.175,9.425,9.755,0.0,0.0,0.0,0.0,0.0,0.0,0.0,0.0
SCC,20090942.0,20.3495898438,10.175,9.425,9.755,0.0,0.0,0.0,0.0,0.0,0.0,0.0,0.0
SCC,20090943.0,20.3497949219,10.175,9.425,9.755,0.0,0.0,0.0,0.0,0.0,0.0,0.0,0.0
SCC,20090944.0,20.3498974609,10.175,9.425,9.755,0.0,0.0,0.0,0.0,0.0,0.0,0.0,0.0
SCC,20090945.0,20.3499487305,10.175,9.425,9.755,0.0,0.0,0.0,0.0,0.0,0.0,0.0,0.0
SCC,20090946.0,20.3499743652,10.175,9.425,9.755,0.0,0.0,0.0,0.0,0.0,0.0,0.0,0.0
SCC,20090947.0,20.3499871826,10.175,9.425,9.755,0.0,0.0,0.0,0.0,0.0,0.0,0.0,0.0
SCC,20090948.0,20.3499935913,10.175,9.425,9.755,0.0,0.0,0.0,0.0,0.0,0.0,0.0,0.0
SCC,20090949.0,20.3499967957,10.175,9.425,9.755,0.0,0.0,0.0,0.0,0.0,0.0,0.0,0.0
SCC,20090950.0,20.3499983978,10.175,9.425,9.755,0.0,0.0,0.0,0.0,0.0,0.0,0.0,0.0
SCC,20090951.0,20.3499991989,10.175,9.425,9.755,0.0,0.0,0.0,0.0,0.0,0.0,0.0,0.0
SCC,20090952.0,20.3499995995,10.175,9.425,9.755,0.0,0.0,0.0,0.0,0.0,0.0,0.0,0.0
SCC,20090953.0,20.3499997997,10.175,9.425,9.755,0.0,0.0,0.0,0.0,0.0,0.0,0.0,0.0
SCC,20090954.0,20.3499998999,10.175,9.425,9.755,0.0,0.0,0.0,0.0,0.0,0.0,0.0,0.0
SCC,20090955.0,20.3499999499,10.175,9.425,9.755,0.0,0.0,0.0,0.0,0.0,0.0,0.0,0.0
SCC,20090956.0,20.349999975,10.175,9.425,9.755,0.0,0.0,0.0,0.0,0.0,0.0,0.0,0.0
SCC,20090957.0,20.3499999875,10.175,9.425,9.755,0.0,0.0,0.0,0.0,0.0,0.0,0.0,0.0
SCC,20090958.0,20.3499999937,10.175,9.425,9.755,0.0,0.0,0.0,0.0,0.0,0.0,0.0,0.0
SCC,20090959.0,20.3499999969,10.175,9.425,9.755,0.0,0.0,0.0,0.0,0.0,0.0,0.0,0.0
SCC,20090960.0,20.3499999984,10.175,9.425,9.755,0.0,0.0,0.0,0.0,0.0,0.0,0.0,0.0
SCC,20090961.0,20.3499999992,10.175,9.425,9.755,0.0,0.0,0.0,0.0,0.0,0.0,0.0,0.0
SCC,20090962.0,20.3499999996,10.175,9.425,9.755,0.0,0.0,0.0,0.0,0.0,0.0,0.0,0.0
SCC,20090963.0,20.3499999998,10.175,9.425,9.755,0.0,0.0,0.0,0.0,0.0,0.0,0.0,0.0
SCC,20090964.0,20.3499999999,10.175,9.425,9.755,0.0,0.0,0.0,0.0,0.0,0.0,0.0,0.0
SCC,20090965.0,20.35,10.175,9.425,9.755,0.0,0.0,0.0,0.0,0.0,0.0,0.0,0.0
SCC,20090966.0,20.35,10.175,9.425,9.755,0.0,0.0,0.0,0.0,0.0,0.0,0.0,0.0
SCC,20090967.0,20.35,10.175,9.425,9.755,0.0,0.0,0.0,0.0,0.0,0.0,0.0,0.0
SCC,20090968.0,20.35,10.175,9.425,9.755,0.0,0.0,0.0,0.0,0.0,0.0,0.0,0.0
SCC,20090969.0,20.35,10.175,9.425,9.755,0.0,0.0,0.0,0.0,0.0,0.0,0.0,0.0
SCC,20090970.0,20.35,10.175,9.425,9.755,0.0,0.0,0.0,0.0,0.0,0.0,0.0,0.0
SCC,20090971.0,20.35,10.175,9.425,9.755,0.0,0.0,0.0,0.0,0.0,0.0,0.0,0.0
SCC,20090972.0,20.35,10.175,9.425,9.755,0.0,0.0,0.0,0.0,0.0,0.0,0.0,0.0
SCC,20090973.0,20.35,10.175,9.425,9.755,0.0,0.0,0.0,0.0,0.0,0.0,0.0,0.0
SCC,20090974.0,20.35,10.175,9.425,9.755,0.0,0.0,0.0,0.0,0.0,0.0,0.0,0.0
SCC,20090975.0,20.35,10.175,9.425,9.755,0.0,0.0,0.0,0.0,0.0,0.0,0.0,0.0
SCC,20090976.0,20.35,10.175,9.425,9.755,0.0,0.0,0.0,0.0,0.0,0.0,0.0,0.0
SCC,20090977.0,20.35,10.175,9.425,9.755,0.0,0.0,0.0,0.0,0.0,0.0,0.0,0.0
SCC,20090978.0,20.35,10.175,9.425,9.755,0.0,0.0,0.0,0.0,0.0,0.0,0.0,0.0
SCC,20090979.0,20.35,10.175,9.425,9.755,0.0,0.0,0.0,0.0,0.0,0.0,0.0,0.0
SCC,20090980.0,20.35,10.175,9.425,9.755,0.0,0.0,0.0,0.0,0.0,0.0,0.0,0.0
SCC,20090981.0,20.35,10.175,9.425,9.755,0.0,0.0,0.0,0.0,0.0,0.0,0.0,0.0
SCC,20090982.0,20.35,10.175,9.425,9.755,0.0,0.0,0.0,0.0,0.0,0.0,0.0,0.0
SCC,20090983.0,20.35,10.175,9.425,9.755,0.0,0.0,0.0,0.0,0.0,0.0,0.0,0.0
SCC,20090984.0,20.35,10.175,9.425,9.755,0.0,0.0,0.0,0.0,0.0,0.0,0.0,0.0
SCC,20090985.0,20.35,10.175,9.425,9.755,0.0,0.0,0.0,0.0,0.0,0.0,0.0,0.0
SCC,20090986.0,20.35,10.175,9.425,9.755,0.0,0.0,0.0,0.0,0.0,0.0,0.0,0.0
SCC,20090987.0,20.35,10.175,9.425,9.755,0.0,0.0,0.0,0.0,0.0,0.0,0.0,0.0
SCC,20090988.0,20.35,10.175,9.425,9.755,0.0,0.0,0.0,0.0,0.0,0.0,0.0,0.0
SCC,20090989.0,20.35,10.175,9.425,9.755,0.0,0.0,0.0,0.0,0.0,0.0,0.0,0.0
SCC,20090990.0,20.35,10.175,9.425,9.755,0.0,0.0,0.0,0.0,0.0,0.0,0.0,0.0
SCC,20090991.0,20.35,10.175,9.425,9.755,0.0,0.0,0.0,0.0,0.0,0.0,0.0,0.0
SCC,20090992.0,20.35,10.175,9.425,9.755,0.0,0.0,0.0,0.0,0.0,0.0,0.0,0.0
SCC,20090993.0,20.35,10.175,9.425,9.755,0.0,0.0,0.0,0.0,0.0,0.0,0.0,0.0
SCC,20090994.0,20.35,10.175,9.425,9.755,0.0,0.0,0.0,0.0,0.0,0.0,0.0,0.0
SCC,20090995.0,20.35,10.175,9.425,9.755,0.0,0.0,0.0,0.0,0.0,0.0,0.0,0.0
SCC,20090996.0,20.35,10.175,9.425,9.755,0.0,0.0,0.0,0.0,0.0,0.0,0.0,0.0
SCC,20090997.0,20.35,10.175,9.425,9.755,0.0,0.0,0.0,0.0,0.0,0.0,0.0,0.0
SCC,20090998.0,20.35,10.175,9.425,9.755,0.0,0.0,0.0,0.0,0.0,0.0,0.0,0.0
SCC,20090999.0,20.35,10.175,9.425,9.755,0.0,0.0,0.0,0.0,0.0,0.0,0.0,0.0
SCC,20091000.0,20.35,10.175,9.425,9.755,0.0,0.0,0.0,0.0,0.0,0.0,0.0,0.0
SCC,20091001.0,20.35,20.35,18.85,19.51,0.0,0.0,0.0,0.0,0.0,0.0,0.0,0.0
SCC,20091002.0,17.92,18.67,17.92,18.67,0.0,0.0,0.0,0.0,0.0,0.0,0.0,0.0
SCC,20091003.0,17.83,9.57,8.87,9.335,0.0,0.0,0.0,0.0,0.0,0.0,0.0,0.0
SCC,20091004.0,17.785,9.57,8.87,9.335,0.0,0.0,0.0,0.0,0.0,0.0,0.0,0.0
SCC,20091005.0,17.74,19.14,17.74,18.67,0.0,0.0,0.0,0.0,0.0,0.0,0.0,0.0
SCC,20091006.0,18.67,19.32,18.2,19.32,0.0,0.0,0.0,0.0,0.0,0.0,0.0,0.0
SCC,20091007.0,19.88,20.07,19.79,20.07,0.0,0.0,0.0,0.0,0.0,0.0,0.0,0.0
SCC,20091008.0,21.28,21.47,20.54,21.47,0.0,0.0,0.0,0.0,0.0,0.0,0.0,0.0
SCC,20091009.0,22.59,22.59,22.4,22.59,0.0,0.0,0.0,0.0,0.0,0.0,0.0,0.0
SCC,20091010.0,23.335,12.04,12.04,12.04,0.0,0.0,0.0,0.0,0.0,0.0,0.0,0.0
SCC,20091011.0,23.7075,12.04,12.04,12.04,0.0,0.0,0.0,0.0,0.0,0.0,0.0,0.0
SCC,20091012.0,24.08,24.08,24.08,24.08,0.0,0.0,0.0,0.0,0.0,0.0,0.0,0.0
SCC,20091013.0,25.76,25.76,24.73,25.76,0.0,0.0,0.0,0.0,0.0,0.0,0.0,0.0
SCC,20091014.0,27.25,27.35,25.67,27.35,0.0,0.0,0.0,0.0,0.0,0.0,0.0,0.0
SCC,20091015.0,28.94,28.94,27.82,28.93,0.0,0.0,0.0,0.0,0.0,0.0,0.0,0.0
SCC,20091016.0,30.8,30.8,29.86,30.8,0.0,0.0,0.0,0.0,0.0,0.0,0.0,0.0
SCC,20091017.0,31.735,16.335,14.375,14.465,0.0,0.0,0.0,0.0,0.0,0.0,0.0,0.0
SCC,20091018.0,32.2025,16.335,14.375,14.465,0.0,0.0,0.0,0.0,0.0,0.0,0.0,0.0
SCC,20091019.0,32.67,32.67,28.75,28.93,0.0,0.0,0.0,0.0,0.0,0.0,0.0,0.0
SCC,20091020.0,29.86,31.82,29.86,31.83,0.0,0.0,0.0,0.0,0.0,0.0,0.0,0.0
SCC,20091021.0,31.74,32.86,31.36,32.85,0.0,0.0,0.0,0.0,0.0,0.0,0.0,0.0
SCC,20091022.0,34.06,34.06,32.66,33.6,0.0,0.0,0.0,0.0,0.0,0.0,0.0,0.0
SCC,20091023.0,33.6,33.6,30.71,30.71,0.0,0.0,0.0,0.0,0.0,0.0,0.0,0.0
SCC,20091024.0,31.78,14.98,14.98,14.98,0.0,0.0,0.0,0.0,0.0,0.0,0.0,0.0
SCC,20091025.0,30.87,14.98,14.98,14.98,0.0,0.0,0.0,0.0,0.0,0.0,0.0,0.0
SCC,20091026.0,29.96,29.96,29.96,29.96,0.0,0.0,0.0,0.0,0.0,0.0,0.0,0.0
SCC,20091027.0,27.91,27.91,27.91,27.91,0.0,0.0,0.0,0.0,0.0,0.0,0.0,0.0
SCC,20091028.0,26.04,27.07,26.04,26.13,0.0,0.0,0.0,0.0,0.0,0.0,0.0,0.0
SCC,20091029.0,26.13,26.13,24.54,24.55,0.0,0.0,0.0,0.0,0.0,0.0,0.0,0.0
SCC,20091030.0,26.23,26.23,25.58,26.23,0.0,0.0,0.0,0.0,0.0,0.0,0.0,0.0
SCC,20091031.0,26.185,13.07,12.18,12.18,0.0,0.0,0.0,0.0,0.0,0.0,0.0,0.0
SCC,20091032.0,26.1625,13.07,12.18,12.18,0.0,0.0,0.0,0.0,0.0,0.0,0.0,0.0
SCC,20091033.0,26.15125,13.07,12.18,12.18,0.0,0.0,0.0,0.0,0.0,0.0,0.0,0.0
SCC,20091034.0,26.145625,13.07,12.18,12.18,0.0,0.0,0.0,0.0,0.0,0.0,0.0,0.0
SCC,20091035.0,26.1428125,13.07,12.18,12.18,0.0,0.0,0.0,0.0,0.0,0.0,0.0,0.0
SCC,20091036.0,26.14140625,13.07,12.18,12.18,0.0,0.0,0.0,0.0,0.0,0.0,0.0,0.0
SCC,20091037.0,26.140703125,13.07,12.18,12.18,0.0,0.0,0.0,0.0,0.0,0.0,0.0,0.0
SCC,20091038.0,26.1403515625,13.07,12.18,12.18,0.0,0.0,0.0,0.0,0.0,0.0,0.0,0.0
SCC,20091039.0,26.1401757813,13.07,12.18,12.18,0.0,0.0,0.0,0.0,0.0,0.0,0.0,0.0
SCC,20091040.0,26.1400878906,13.07,12.18,12.18,0.0,0.0,0.0,0.0,0.0,0.0,0.0,0.0
SCC,20091041.0,26.1400439453,13.07,12.18,12.18,0.0,0.0,0.0,0.0,0.0,0.0,0.0,0.0
SCC,20091042.0,26.1400219727,13.07,12.18,12.18,0.0,0.0,0.0,0.0,0.0,0.0,0.0,0.0
SCC,20091043.0,26.1400109863,13.07,12.18,12.18,0.0,0.0,0.0,0.0,0.0,0.0,0.0,0.0
SCC,20091044.0,26.1400054932,13.07,12.18,12.18,0.0,0.0,0.0,0.0,0.0,0.0,0.0,0.0
SCC,20091045.0,26.1400027466,13.07,12.18,12.18,0.0,0.0,0.0,0.0,0.0,0.0,0.0,0.0
SCC,20091046.0,26.1400013733,13.07,12.18,12.18,0.0,0.0,0.0,0.0,0.0,0.0,0.0,0.0
SCC,20091047.0,26.1400006866,13.07,12.18,12.18,0.0,0.0,0.0,0.0,0.0,0.0,0.0,0.0
SCC,20091048.0,26.1400003433,13.07,12.18,12.18,0.0,0.0,0.0,0.0,0.0,0.0,0.0,0.0
SCC,20091049.0,26.1400001717,13.07,12.18,12.18,0.0,0.0,0.0,0.0,0.0,0.0,0.0,0.0
SCC,20091050.0,26.1400000858,13.07,12.18,12.18,0.0,0.0,0.0,0.0,0.0,0.0,0.0,0.0
SCC,20091051.0,26.1400000429,13.07,12.18,12.18,0.0,0.0,0.0,0.0,0.0,0.0,0.0,0.0
SCC,20091052.0,26.1400000215,13.07,12.18,12.18,0.0,0.0,0.0,0.0,0.0,0.0,0.0,0.0
SCC,20091053.0,26.1400000107,13.07,12.18,12.18,0.0,0.0,0.0,0.0,0.0,0.0,0.0,0.0
SCC,20091054.0,26.1400000054,13.07,12.18,12.18,0.0,0.0,0.0,0.0,0.0,0.0,0.0,0.0
SCC,20091055.0,26.1400000027,13.07,12.18,12.18,0.0,0.0,0.0,0.0,0.0,0.0,0.0,0.0
SCC,20091056.0,26.1400000013,13.07,12.18,12.18,0.0,0.0,0.0,0.0,0.0,0.0,0.0,0.0
SCC,20091057.0,26.1400000007,13.07,12.18,12.18,0.0,0.0,0.0,0.0,0.0,0.0,0.0,0.0
SCC,20091058.0,26.1400000003,13.07,12.18,12.18,0.0,0.0,0.0,0.0,0.0,0.0,0.0,0.0
SCC,20091059.0,26.1400000002,13.07,12.18,12.18,0.0,0.0,0.0,0.0,0.0,0.0,0.0,0.0
SCC,20091060.0,26.1400000001,13.07,12.18,12.18,0.0,0.0,0.0,0.0,0.0,0.0,0.0,0.0
SCC,20091061.0,26.14,13.07,12.18,12.18,0.0,0.0,0.0,0.0,0.0,0.0,0.0,0.0
SCC,20091062.0,26.14,13.07,12.18,12.18,0.0,0.0,0.0,0.0,0.0,0.0,0.0,0.0
SCC,20091063.0,26.14,13.07,12.18,12.18,0.0,0.0,0.0,0.0,0.0,0.0,0.0,0.0
SCC,20091064.0,26.14,13.07,12.18,12.18,0.0,0.0,0.0,0.0,0.0,0.0,0.0,0.0
SCC,20091065.0,26.14,13.07,12.18,12.18,0.0,0.0,0.0,0.0,0.0,0.0,0.0,0.0
SCC,20091066.0,26.14,13.07,12.18,12.18,0.0,0.0,0.0,0.0,0.0,0.0,0.0,0.0
SCC,20091067.0,26.14,13.07,12.18,12.18,0.0,0.0,0.0,0.0,0.0,0.0,0.0,0.0
SCC,20091068.0,26.14,13.07,12.18,12.18,0.0,0.0,0.0,0.0,0.0,0.0,0.0,0.0
SCC,20091069.0,26.14,13.07,12.18,12.18,0.0,0.0,0.0,0.0,0.0,0.0,0.0,0.0
SCC,20091070.0,26.14,13.07,12.18,12.18,0.0,0.0,0.0,0.0,0.0,0.0,0.0,0.0
SCC,20091071.0,26.14,13.07,12.18,12.18,0.0,0.0,0.0,0.0,0.0,0.0,0.0,0.0
SCC,20091072.0,26.14,13.07,12.18,12.18,0.0,0.0,0.0,0.0,0.0,0.0,0.0,0.0
SCC,20091073.0,26.14,13.07,12.18,12.18,0.0,0.0,0.0,0.0,0.0,0.0,0.0,0.0
SCC,20091074.0,26.14,13.07,12.18,12.18,0.0,0.0,0.0,0.0,0.0,0.0,0.0,0.0
SCC,20091075.0,26.14,13.07,12.18,12.18,0.0,0.0,0.0,0.0,0.0,0.0,0.0,0.0
SCC,20091076.0,26.14,13.07,12.18,12.18,0.0,0.0,0.0,0.0,0.0,0.0,0.0,0.0
SCC,20091077.0,26.14,13.07,12.18,12.18,0.0,0.0,0.0,0.0,0.0,0.0,0.0,0.0
SCC,20091078.0,26.14,13.07,12.18,12.18,0.0,0.0,0.0,0.0,0.0,0.0,0.0,0.0
SCC,20091079.0,26.14,13.07,12.18,12.18,0.0,0.0,0.0,0.0,0.0,0.0,0.0,0.0
SCC,20091080.0,26.14,13.07,12.18,12.18,0.0,0.0,0.0,0.0,0.0,0.0,0.0,0.0
SCC,20091081.0,26.14,13.07,12.18,12.18,0.0,0.0,0.0,0.0,0.0,0.0,0.0,0.0
SCC,20091082.0,26.14,13.07,12.18,12.18,0.0,0.0,0.0,0.0,0.0,0.0,0.0,0.0
SCC,20091083.0,26.14,13.07,12.18,12.18,0.0,0.0,0.0,0.0,0.0,0.0,0.0,0.0
SCC,20091084.0,26.14,13.07,12.18,12.18,0.0,0.0,0.0,0.0,0.0,0.0,0.0,0.0
SCC,20091085.0,26.14,13.07,12.18,12.18,0.0,0.0,0.0,0.0,0.0,0.0,0.0,0.0
SCC,20091086.0,26.14,13.07,12.18,12.18,0.0,0.0,0.0,0.0,0.0,0.0,0.0,0.0
SCC,20091087.0,26.14,13.07,12.18,12.18,0.0,0.0,0.0,0.0,0.0,0.0,0.0,0.0
SCC,20091088.0,26.14,13.07,12.18,12.18,0.0,0.0,0.0,0.0,0.0,0.0,0.0,0.0
SCC,20091089.0,26.14,13.07,12.18,12.18,0.0,0.0,0.0,0.0,0.0,0.0,0.0,0.0
SCC,20091090.0,26.14,13.07,12.18,12.18,0.0,0.0,0.0,0.0,0.0,0.0,0.0,0.0
SCC,20091091.0,26.14,13.07,12.18,12.18,0.0,0.0,0.0,0.0,0.0,0.0,0.0,0.0
SCC,20091092.0,26.14,13.07,12.18,12.18,0.0,0.0,0.0,0.0,0.0,0.0,0.0,0.0
SCC,20091093.0,26.14,13.07,12.18,12.18,0.0,0.0,0.0,0.0,0.0,0.0,0.0,0.0
SCC,20091094.0,26.14,13.07,12.18,12.18,0.0,0.0,0.0,0.0,0.0,0.0,0.0,0.0
SCC,20091095.0,26.14,13.07,12.18,12.18,0.0,0.0,0.0,0.0,0.0,0.0,0.0,0.0
SCC,20091096.0,26.14,13.07,12.18,12.18,0.0,0.0,0.0,0.0,0.0,0.0,0.0,0.0
SCC,20091097.0,26.14,13.07,12.18,12.18,0.0,0.0,0.0,0.0,0.0,0.0,0.0,0.0
SCC,20091098.0,26.14,13.07,12.18,12.18,0.0,0.0,0.0,0.0,0.0,0.0,0.0,0.0
SCC,20091099.0,26.14,13.07,12.18,12.18,0.0,0.0,0.0,0.0,0.0,0.0,0.0,0.0
SCC,20091100.0,26.14,13.07,12.18,12.18,0.0,0.0,0.0,0.0,0.0,0.0,0.0,0.0
SCC,20091101.0,26.14,13.07,12.18,12.18,0.0,0.0,0.0,0.0,0.0,0.0,0.0,0.0
SCC,20091102.0,26.14,26.14,24.36,24.36,0.0,0.0,0.0,0.0,0.0,0.0,0.0,0.0
SCC,20091103.0,22.87,22.87,22.68,22.68,0.0,0.0,0.0,0.0,0.0,0.0,0.0,0.0
SCC,20091104.0,22.4,22.4,21.09,21.09,0.0,0.0,0.0,0.0,0.0,0.0,0.0,0.0
SCC,20091105.0,21.28,22.68,21.09,22.68,0.0,0.0,0.0,0.0,0.0,0.0,0.0,0.0
SCC,20091106.0,23.99,23.99,23.33,23.71,0.0,0.0,0.0,0.0,0.0,0.0,0.0,0.0
SCC,20091107.0,23.895,11.9,11.11,11.665,0.0,0.0,0.0,0.0,0.0,0.0,0.0,0.0
SCC,20091108.0,23.8475,11.9,11.11,11.665,0.0,0.0,0.0,0.0,0.0,0.0,0.0,0.0
SCC,20091109.0,23.8,23.8,22.22,23.33,0.0,0.0,0.0,0.0,0.0,0.0,0.0,0.0
SCC,20091110.0,21.0,21.18,20.9,21.09,0.0,0.0,0.0,0.0,0.0,0.0,0.0,0.0
SCC,20091111.0,21.93,22.4,21.93,22.4,0.0,0.0,0.0,0.0,0.0,0.0,0.0,0.0
SCC,20091112.0,23.8,23.8,23.33,23.8,0.0,0.0,0.0,0.0,0.0,0.0,0.0,0.0
SCC,20091113.0,23.8,23.89,22.96,23.71,0.0,0.0,0.0,0.0,0.0,0.0,0.0,0.0
SCC,20091114.0,23.335,12.135,11.2,11.715,0.0,0.0,0.0,0.0,0.0,0.0,0.0,0.0
SCC,20091115.0,23.1025,12.135,11.2,11.715,0.0,0.0,0.0,0.0,0.0,0.0,0.0,0.0
SCC,20091116.0,22.87,24.27,22.4,23.43,0.0,0.0,0.0,0.0,0.0,0.0,0.0,0.0
SCC,20091117.0,23.34,23.43,22.87,23.24,0.0,0.0,0.0,0.0,0.0,0.0,0.0,0.0
SCC,20091118.0,23.33,24.83,23.33,24.83,0.0,0.0,0.0,0.0,0.0,0.0,0.0,0.0
SCC,20091119.0,25.86,25.86,25.67,25.67,0.0,0.0,0.0,0.0,0.0,0.0,0.0,0.0
SCC,20091120.0,25.95,26.14,24.27,25.57,0.0,0.0,0.0,0.0,0.0,0.0,0.0,0.0
SCC,20091121.0,26.275,13.3,11.9,11.9,0.0,0.0,0.0,0.0,0.0,0.0,0.0,0.0
SCC,20091122.0,26.4375,13.3,11.9,11.9,0.0,0.0,0.0,0.0,0.0,0.0,0.0,0.0
SCC,20091123.0,26.6,26.6,23.8,23.8,0.0,0.0,0.0,0.0,0.0,0.0,0.0,0.0
SCC,20091124.0,24.73,25.2,22.4,23.33,0.0,0.0,0.0,0.0,0.0,0.0,0.0,0.0
SCC,20091125.0,24.26,24.26,22.96,22.96,0.0,0.0,0.0,0.0,0.0,0.0,0.0,0.0
SCC,20091126.0,22.12,22.12,22.12,22.12,0.0,0.0,0.0,0.0,0.0,0.0,0.0,0.0
SCC,20091127.0,20.63,23.52,20.63,22.87,0.0,0.0,0.0,0.0,0.0,0.0,0.0,0.0
SCC,20091128.0,21.47,11.155,10.735,10.735,0.0,0.0,0.0,0.0,0.0,0.0,0.0,0.0
SCC,20091129.0,21.89,11.155,10.735,10.735,0.0,0.0,0.0,0.0,0.0,0.0,0.0,0.0
SCC,20091130.0,22.31,22.31,21.47,21.47,0.0,0.0,0.0,0.0,0.0,0.0,0.0,0.0
SCC,20091131.0,22.87,11.715,11.62,11.715,0.0,0.0,0.0,0.0,0.0,0.0,0.0,0.0
SCC,20091132.0,23.15,11.715,11.62,11.715,0.0,0.0,0.0,0.0,0.0,0.0,0.0,0.0
SCC,20091133.0,23.29,11.715,11.62,11.715,0.0,0.0,0.0,0.0,0.0,0.0,0.0,0.0
SCC,20091134.0,23.36,11.715,11.62,11.715,0.0,0.0,0.0,0.0,0.0,0.0,0.0,0.0
SCC,20091135.0,23.395,11.715,11.62,11.715,0.0,0.0,0.0,0.0,0.0,0.0,0.0,0.0
SCC,20091136.0,23.4125,11.715,11.62,11.715,0.0,0.0,0.0,0.0,0.0,0.0,0.0,0.0
SCC,20091137.0,23.42125,11.715,11.62,11.715,0.0,0.0,0.0,0.0,0.0,0.0,0.0,0.0
SCC,20091138.0,23.425625,11.715,11.62,11.715,0.0,0.0,0.0,0.0,0.0,0.0,0.0,0.0
SCC,20091139.0,23.4278125,11.715,11.62,11.715,0.0,0.0,0.0,0.0,0.0,0.0,0.0,0.0
SCC,20091140.0,23.42890625,11.715,11.62,11.715,0.0,0.0,0.0,0.0,0.0,0.0,0.0,0.0
SCC,20091141.0,23.429453125,11.715,11.62,11.715,0.0,0.0,0.0,0.0,0.0,0.0,0.0,0.0
SCC,20091142.0,23.4297265625,11.715,11.62,11.715,0.0,0.0,0.0,0.0,0.0,0.0,0.0,0.0
SCC,20091143.0,23.4298632813,11.715,11.62,11.715,0.0,0.0,0.0,0.0,0.0,0.0,0.0,0.0
SCC,20091144.0,23.4299316406,11.715,11.62,11.715,0.0,0.0,0.0,0.0,0.0,0.0,0.0,0.0
SCC,20091145.0,23.4299658203,11.715,11.62,11.715,0.0,0.0,0.0,0.0,0.0,0.0,0.0,0.0
SCC,20091146.0,23.4299829102,11.715,11.62,11.715,0.0,0.0,0.0,0.0,0.0,0.0,0.0,0.0
SCC,20091147.0,23.4299914551,11.715,11.62,11.715,0.0,0.0,0.0,0.0,0.0,0.0,0.0,0.0
SCC,20091148.0,23.4299957275,11.715,11.62,11.715,0.0,0.0,0.0,0.0,0.0,0.0,0.0,0.0
SCC,20091149.0,23.4299978638,11.715,11.62,11.715,0.0,0.0,0.0,0.0,0.0,0.0,0.0,0.0
SCC,20091150.0,23.4299989319,11.715,11.62,11.715,0.0,0.0,0.0,0.0,0.0,0.0,0.0,0.0
SCC,20091151.0,23.4299994659,11.715,11.62,11.715,0.0,0.0,0.0,0.0,0.0,0.0,0.0,0.0
SCC,20091152.0,23.429999733,11.715,11.62,11.715,0.0,0.0,0.0,0.0,0.0,0.0,0.0,0.0
SCC,20091153.0,23.4299998665,11.715,11.62,11.715,0.0,0.0,0.0,0.0,0.0,0.0,0.0,0.0
SCC,20091154.0,23.4299999332,11.715,11.62,11.715,0.0,0.0,0.0,0.0,0.0,0.0,0.0,0.0
SCC,20091155.0,23.4299999666,11.715,11.62,11.715,0.0,0.0,0.0,0.0,0.0,0.0,0.0,0.0
SCC,20091156.0,23.4299999833,11.715,11.62,11.715,0.0,0.0,0.0,0.0,0.0,0.0,0.0,0.0
SCC,20091157.0,23.4299999917,11.715,11.62,11.715,0.0,0.0,0.0,0.0,0.0,0.0,0.0,0.0
SCC,20091158.0,23.4299999958,11.715,11.62,11.715,0.0,0.0,0.0,0.0,0.0,0.0,0.0,0.0
SCC,20091159.0,23.4299999979,11.715,11.62,11.715,0.0,0.0,0.0,0.0,0.0,0.0,0.0,0.0
SCC,20091160.0,23.429999999,11.715,11.62,11.715,0.0,0.0,0.0,0.0,0.0,0.0,0.0,0.0
SCC,20091161.0,23.4299999995,11.715,11.62,11.715,0.0,0.0,0.0,0.0,0.0,0.0,0.0,0.0
SCC,20091162.0,23.4299999997,11.715,11.62,11.715,0.0,0.0,0.0,0.0,0.0,0.0,0.0,0.0
SCC,20091163.0,23.4299999999,11.715,11.62,11.715,0.0,0.0,0.0,0.0,0.0,0.0,0.0,0.0
SCC,20091164.0,23.4299999999,11.715,11.62,11.715,0.0,0.0,0.0,0.0,0.0,0.0,0.0,0.0
SCC,20091165.0,23.43,11.715,11.62,11.715,0.0,0.0,0.0,0.0,0.0,0.0,0.0,0.0
SCC,20091166.0,23.43,11.715,11.62,11.715,0.0,0.0,0.0,0.0,0.0,0.0,0.0,0.0
SCC,20091167.0,23.43,11.715,11.62,11.715,0.0,0.0,0.0,0.0,0.0,0.0,0.0,0.0
SCC,20091168.0,23.43,11.715,11.62,11.715,0.0,0.0,0.0,0.0,0.0,0.0,0.0,0.0
SCC,20091169.0,23.43,11.715,11.62,11.715,0.0,0.0,0.0,0.0,0.0,0.0,0.0,0.0
SCC,20091170.0,23.43,11.715,11.62,11.715,0.0,0.0,0.0,0.0,0.0,0.0,0.0,0.0
SCC,20091171.0,23.43,11.715,11.62,11.715,0.0,0.0,0.0,0.0,0.0,0.0,0.0,0.0
SCC,20091172.0,23.43,11.715,11.62,11.715,0.0,0.0,0.0,0.0,0.0,0.0,0.0,0.0
SCC,20091173.0,23.43,11.715,11.62,11.715,0.0,0.0,0.0,0.0,0.0,0.0,0.0,0.0
SCC,20091174.0,23.43,11.715,11.62,11.715,0.0,0.0,0.0,0.0,0.0,0.0,0.0,0.0
SCC,20091175.0,23.43,11.715,11.62,11.715,0.0,0.0,0.0,0.0,0.0,0.0,0.0,0.0
SCC,20091176.0,23.43,11.715,11.62,11.715,0.0,0.0,0.0,0.0,0.0,0.0,0.0,0.0
SCC,20091177.0,23.43,11.715,11.62,11.715,0.0,0.0,0.0,0.0,0.0,0.0,0.0,0.0
SCC,20091178.0,23.43,11.715,11.62,11.715,0.0,0.0,0.0,0.0,0.0,0.0,0.0,0.0
SCC,20091179.0,23.43,11.715,11.62,11.715,0.0,0.0,0.0,0.0,0.0,0.0,0.0,0.0
SCC,20091180.0,23.43,11.715,11.62,11.715,0.0,0.0,0.0,0.0,0.0,0.0,0.0,0.0
SCC,20091181.0,23.43,11.715,11.62,11.715,0.0,0.0,0.0,0.0,0.0,0.0,0.0,0.0
SCC,20091182.0,23.43,11.715,11.62,11.715,0.0,0.0,0.0,0.0,0.0,0.0,0.0,0.0
SCC,20091183.0,23.43,11.715,11.62,11.715,0.0,0.0,0.0,0.0,0.0,0.0,0.0,0.0
SCC,20091184.0,23.43,11.715,11.62,11.715,0.0,0.0,0.0,0.0,0.0,0.0,0.0,0.0
SCC,20091185.0,23.43,11.715,11.62,11.715,0.0,0.0,0.0,0.0,0.0,0.0,0.0,0.0
SCC,20091186.0,23.43,11.715,11.62,11.715,0.0,0.0,0.0,0.0,0.0,0.0,0.0,0.0
SCC,20091187.0,23.43,11.715,11.62,11.715,0.0,0.0,0.0,0.0,0.0,0.0,0.0,0.0
SCC,20091188.0,23.43,11.715,11.62,11.715,0.0,0.0,0.0,0.0,0.0,0.0,0.0,0.0
SCC,20091189.0,23.43,11.715,11.62,11.715,0.0,0.0,0.0,0.0,0.0,0.0,0.0,0.0
SCC,20091190.0,23.43,11.715,11.62,11.715,0.0,0.0,0.0,0.0,0.0,0.0,0.0,0.0
SCC,20091191.0,23.43,11.715,11.62,11.715,0.0,0.0,0.0,0.0,0.0,0.0,0.0,0.0
SCC,20091192.0,23.43,11.715,11.62,11.715,0.0,0.0,0.0,0.0,0.0,0.0,0.0,0.0
SCC,20091193.0,23.43,11.715,11.62,11.715,0.0,0.0,0.0,0.0,0.0,0.0,0.0,0.0
SCC,20091194.0,23.43,11.715,11.62,11.715,0.0,0.0,0.0,0.0,0.0,0.0,0.0,0.0
SCC,20091195.0,23.43,11.715,11.62,11.715,0.0,0.0,0.0,0.0,0.0,0.0,0.0,0.0
SCC,20091196.0,23.43,11.715,11.62,11.715,0.0,0.0,0.0,0.0,0.0,0.0,0.0,0.0
SCC,20091197.0,23.43,11.715,11.62,11.715,0.0,0.0,0.0,0.0,0.0,0.0,0.0,0.0
SCC,20091198.0,23.43,11.715,11.62,11.715,0.0,0.0,0.0,0.0,0.0,0.0,0.0,0.0
SCC,20091199.0,23.43,11.715,11.62,11.715,0.0,0.0,0.0,0.0,0.0,0.0,0.0,0.0
SCC,20091200.0,23.43,11.715,11.62,11.715,0.0,0.0,0.0,0.0,0.0,0.0,0.0,0.0
SCC,20091201.0,23.43,23.43,23.24,23.43,0.0,0.0,0.0,0.0,0.0,0.0,0.0,0.0
SCC,20091202.0,24.27,24.27,22.12,22.12,0.0,0.0,0.0,0.0,0.0,0.0,0.0,0.0
SCC,20091203.0,21.84,23.43,21.84,21.84,0.0,0.0,0.0,0.0,0.0,0.0,0.0,0.0
SCC,20091204.0,23.61,23.61,20.81,20.81,0.0,0.0,0.0,0.0,0.0,0.0,0.0,0.0
SCC,20091205.0,22.77,10.965,9.8,9.895,0.0,0.0,0.0,0.0,0.0,0.0,0.0,0.0
SCC,20091206.0,22.35,10.965,9.8,9.895,0.0,0.0,0.0,0.0,0.0,0.0,0.0,0.0
SCC,20091207.0,21.93,21.93,19.6,19.79,0.0,0.0,0.0,0.0,0.0,0.0,0.0,0.0
SCC,20091208.0,21.0,21.0,19.6,19.6,0.0,0.0,0.0,0.0,0.0,0.0,0.0,0.0
SCC,20091209.0,20.35,20.35,18.85,18.85,0.0,0.0,0.0,0.0,0.0,0.0,0.0,0.0
SCC,20091210.0,18.94,18.94,17.64,17.64,0.0,0.0,0.0,0.0,0.0,0.0,0.0,0.0
SCC,20091211.0,16.71,16.71,16.71,16.71,0.0,0.0,0.0,0.0,0.0,0.0,0.0,0.0
SCC,20091212.0,16.755,8.4,7.795,8.215,0.0,0.0,0.0,0.0,0.0,0.0,0.0,0.0
SCC,20091213.0,16.7775,8.4,7.795,8.215,0.0,0.0,0.0,0.0,0.0,0.0,0.0,0.0
SCC,20091214.0,16.8,16.8,15.59,16.43,0.0,0.0,0.0,0.0,0.0,0.0,0.0,0.0
SCC,20091215.0,16.71,16.71,14.94,16.05,0.0,0.0,0.0,0.0,0.0,0.0,0.0,0.0
SCC,20091216.0,15.02,15.02,14.93,14.93,0.0,0.0,0.0,0.0,0.0,0.0,0.0,0.0
SCC,20091217.0,14.0,14.09,14.0,14.09,0.0,0.0,0.0,0.0,0.0,0.0,0.0,0.0
SCC,20091218.0,15.02,15.02,14.93,15.03,0.0,0.0,0.0,0.0,0.0,0.0,0.0,0.0
SCC,20091219.0,15.305,8.03,7.795,8.025,0.0,0.0,0.0,0.0,0.0,0.0,0.0,0.0
SCC,20091220.0,15.4475,8.03,7.795,8.025,0.0,0.0,0.0,0.0,0.0,0.0,0.0,0.0
SCC,20091221.0,15.59,16.06,15.59,16.05,0.0,0.0,0.0,0.0,0.0,0.0,0.0,0.0
SCC,20091222.0,16.98,16.98,15.58,15.96,0.0,0.0,0.0,0.0,0.0,0.0,0.0,0.0
SCC,20091223.0,17.73,17.73,17.73,17.73,0.0,0.0,0.0,0.0,0.0,0.0,0.0,0.0
SCC,20091224.0,17.73,18.66,16.52,18.2,0.0,0.0,0.0,0.0,0.0,0.0,0.0,0.0
SCC,20091225.0,19.13,19.13,19.13,19.13,0.0,0.0,0.0,0.0,0.0,0.0,0.0,0.0
SCC,20091226.0,19.785,10.22,9.985,10.22,0.0,0.0,0.0,0.0,0.0,0.0,0.0,0.0
SCC,20091227.0,20.1125,10.22,9.985,10.22,0.0,0.0,0.0,0.0,0.0,0.0,0.0,0.0
SCC,20091228.0,20.44,20.44,19.97,20.44,0.0,0.0,0.0,0.0,0.0,0.0,0.0,0.0
SCC,20091229.0,20.53,21.47,19.13,19.32,0.0,0.0,0.0,0.0,0.0,0.0,0.0,0.0
SCC,20091230.0,19.79,20.07,19.32,20.07,0.0,0.0,0.0,0.0,0.0,0.0,0.0,0.0
SCC,20091231.0,20.82,20.91,20.82,20.91,0.0,0.0,0.0,0.0,0.0,0.0,0.0,0.0
