<Ticker>,<DTYYYYMMDD>,<OpenFixed>,<HighFixed>,<LowFixed>,<CloseFixed>,<Volume>,<Open>,<High>,<Low>,<Close>,<VolumeDeal>,<VolumeFB>,<VolumeFS>
SSM,20090131.0,1.215,1.215,1.215,1.215,0.0,0.0,0.0,0.0,0.0,0.0,0.0,0.0
SSM,20090132.0,1.8225,1.215,1.215,1.215,0.0,0.0,0.0,0.0,0.0,0.0,0.0,0.0
SSM,20090133.0,2.12625,1.215,1.215,1.215,0.0,0.0,0.0,0.0,0.0,0.0,0.0,0.0
SSM,20090134.0,2.278125,1.215,1.215,1.215,0.0,0.0,0.0,0.0,0.0,0.0,0.0,0.0
SSM,20090135.0,2.3540625,1.215,1.215,1.215,0.0,0.0,0.0,0.0,0.0,0.0,0.0,0.0
SSM,20090136.0,2.39203125,1.215,1.215,1.215,0.0,0.0,0.0,0.0,0.0,0.0,0.0,0.0
SSM,20090137.0,2.411015625,1.215,1.215,1.215,0.0,0.0,0.0,0.0,0.0,0.0,0.0,0.0
SSM,20090138.0,2.4205078125,1.215,1.215,1.215,0.0,0.0,0.0,0.0,0.0,0.0,0.0,0.0
SSM,20090139.0,2.42525390625,1.215,1.215,1.215,0.0,0.0,0.0,0.0,0.0,0.0,0.0,0.0
SSM,20090140.0,2.42762695313,1.215,1.215,1.215,0.0,0.0,0.0,0.0,0.0,0.0,0.0,0.0
SSM,20090141.0,2.42881347656,1.215,1.215,1.215,0.0,0.0,0.0,0.0,0.0,0.0,0.0,0.0
SSM,20090142.0,2.42940673828,1.215,1.215,1.215,0.0,0.0,0.0,0.0,0.0,0.0,0.0,0.0
SSM,20090143.0,2.42970336914,1.215,1.215,1.215,0.0,0.0,0.0,0.0,0.0,0.0,0.0,0.0
SSM,20090144.0,2.42985168457,1.215,1.215,1.215,0.0,0.0,0.0,0.0,0.0,0.0,0.0,0.0
SSM,20090145.0,2.42992584229,1.215,1.215,1.215,0.0,0.0,0.0,0.0,0.0,0.0,0.0,0.0
SSM,20090146.0,2.42996292114,1.215,1.215,1.215,0.0,0.0,0.0,0.0,0.0,0.0,0.0,0.0
SSM,20090147.0,2.42998146057,1.215,1.215,1.215,0.0,0.0,0.0,0.0,0.0,0.0,0.0,0.0
SSM,20090148.0,2.42999073029,1.215,1.215,1.215,0.0,0.0,0.0,0.0,0.0,0.0,0.0,0.0
SSM,20090149.0,2.42999536514,1.215,1.215,1.215,0.0,0.0,0.0,0.0,0.0,0.0,0.0,0.0
SSM,20090150.0,2.42999768257,1.215,1.215,1.215,0.0,0.0,0.0,0.0,0.0,0.0,0.0,0.0
SSM,20090151.0,2.42999884129,1.215,1.215,1.215,0.0,0.0,0.0,0.0,0.0,0.0,0.0,0.0
SSM,20090152.0,2.42999942064,1.215,1.215,1.215,0.0,0.0,0.0,0.0,0.0,0.0,0.0,0.0
SSM,20090153.0,2.42999971032,1.215,1.215,1.215,0.0,0.0,0.0,0.0,0.0,0.0,0.0,0.0
SSM,20090154.0,2.42999985516,1.215,1.215,1.215,0.0,0.0,0.0,0.0,0.0,0.0,0.0,0.0
SSM,20090155.0,2.42999992758,1.215,1.215,1.215,0.0,0.0,0.0,0.0,0.0,0.0,0.0,0.0
SSM,20090156.0,2.42999996379,1.215,1.215,1.215,0.0,0.0,0.0,0.0,0.0,0.0,0.0,0.0
SSM,20090157.0,2.4299999819,1.215,1.215,1.215,0.0,0.0,0.0,0.0,0.0,0.0,0.0,0.0
SSM,20090158.0,2.42999999095,1.215,1.215,1.215,0.0,0.0,0.0,0.0,0.0,0.0,0.0,0.0
SSM,20090159.0,2.42999999547,1.215,1.215,1.215,0.0,0.0,0.0,0.0,0.0,0.0,0.0,0.0
SSM,20090160.0,2.42999999774,1.215,1.215,1.215,0.0,0.0,0.0,0.0,0.0,0.0,0.0,0.0
SSM,20090161.0,2.42999999887,1.215,1.215,1.215,0.0,0.0,0.0,0.0,0.0,0.0,0.0,0.0
SSM,20090162.0,2.42999999943,1.215,1.215,1.215,0.0,0.0,0.0,0.0,0.0,0.0,0.0,0.0
SSM,20090163.0,2.42999999972,1.215,1.215,1.215,0.0,0.0,0.0,0.0,0.0,0.0,0.0,0.0
SSM,20090164.0,2.42999999986,1.215,1.215,1.215,0.0,0.0,0.0,0.0,0.0,0.0,0.0,0.0
SSM,20090165.0,2.42999999993,1.215,1.215,1.215,0.0,0.0,0.0,0.0,0.0,0.0,0.0,0.0
SSM,20090166.0,2.42999999996,1.215,1.215,1.215,0.0,0.0,0.0,0.0,0.0,0.0,0.0,0.0
SSM,20090167.0,2.42999999998,1.215,1.215,1.215,0.0,0.0,0.0,0.0,0.0,0.0,0.0,0.0
SSM,20090168.0,2.42999999999,1.215,1.215,1.215,0.0,0.0,0.0,0.0,0.0,0.0,0.0,0.0
SSM,20090169.0,2.43,1.215,1.215,1.215,0.0,0.0,0.0,0.0,0.0,0.0,0.0,0.0
SSM,20090170.0,2.43,1.215,1.215,1.215,0.0,0.0,0.0,0.0,0.0,0.0,0.0,0.0
SSM,20090171.0,2.43,1.215,1.215,1.215,0.0,0.0,0.0,0.0,0.0,0.0,0.0,0.0
SSM,20090172.0,2.43,1.215,1.215,1.215,0.0,0.0,0.0,0.0,0.0,0.0,0.0,0.0
SSM,20090173.0,2.43,1.215,1.215,1.215,0.0,0.0,0.0,0.0,0.0,0.0,0.0,0.0
SSM,20090174.0,2.43,1.215,1.215,1.215,0.0,0.0,0.0,0.0,0.0,0.0,0.0,0.0
SSM,20090175.0,2.43,1.215,1.215,1.215,0.0,0.0,0.0,0.0,0.0,0.0,0.0,0.0
SSM,20090176.0,2.43,1.215,1.215,1.215,0.0,0.0,0.0,0.0,0.0,0.0,0.0,0.0
SSM,20090177.0,2.43,1.215,1.215,1.215,0.0,0.0,0.0,0.0,0.0,0.0,0.0,0.0
SSM,20090178.0,2.43,1.215,1.215,1.215,0.0,0.0,0.0,0.0,0.0,0.0,0.0,0.0
SSM,20090179.0,2.43,1.215,1.215,1.215,0.0,0.0,0.0,0.0,0.0,0.0,0.0,0.0
SSM,20090180.0,2.43,1.215,1.215,1.215,0.0,0.0,0.0,0.0,0.0,0.0,0.0,0.0
SSM,20090181.0,2.43,1.215,1.215,1.215,0.0,0.0,0.0,0.0,0.0,0.0,0.0,0.0
SSM,20090182.0,2.43,1.215,1.215,1.215,0.0,0.0,0.0,0.0,0.0,0.0,0.0,0.0
SSM,20090183.0,2.43,1.215,1.215,1.215,0.0,0.0,0.0,0.0,0.0,0.0,0.0,0.0
SSM,20090184.0,2.43,1.215,1.215,1.215,0.0,0.0,0.0,0.0,0.0,0.0,0.0,0.0
SSM,20090185.0,2.43,1.215,1.215,1.215,0.0,0.0,0.0,0.0,0.0,0.0,0.0,0.0
SSM,20090186.0,2.43,1.215,1.215,1.215,0.0,0.0,0.0,0.0,0.0,0.0,0.0,0.0
SSM,20090187.0,2.43,1.215,1.215,1.215,0.0,0.0,0.0,0.0,0.0,0.0,0.0,0.0
SSM,20090188.0,2.43,1.215,1.215,1.215,0.0,0.0,0.0,0.0,0.0,0.0,0.0,0.0
SSM,20090189.0,2.43,1.215,1.215,1.215,0.0,0.0,0.0,0.0,0.0,0.0,0.0,0.0
SSM,20090190.0,2.43,1.215,1.215,1.215,0.0,0.0,0.0,0.0,0.0,0.0,0.0,0.0
SSM,20090191.0,2.43,1.215,1.215,1.215,0.0,0.0,0.0,0.0,0.0,0.0,0.0,0.0
SSM,20090192.0,2.43,1.215,1.215,1.215,0.0,0.0,0.0,0.0,0.0,0.0,0.0,0.0
SSM,20090193.0,2.43,1.215,1.215,1.215,0.0,0.0,0.0,0.0,0.0,0.0,0.0,0.0
SSM,20090194.0,2.43,1.215,1.215,1.215,0.0,0.0,0.0,0.0,0.0,0.0,0.0,0.0
SSM,20090195.0,2.43,1.215,1.215,1.215,0.0,0.0,0.0,0.0,0.0,0.0,0.0,0.0
SSM,20090196.0,2.43,1.215,1.215,1.215,0.0,0.0,0.0,0.0,0.0,0.0,0.0,0.0
SSM,20090197.0,2.43,1.215,1.215,1.215,0.0,0.0,0.0,0.0,0.0,0.0,0.0,0.0
SSM,20090198.0,2.43,1.215,1.215,1.215,0.0,0.0,0.0,0.0,0.0,0.0,0.0,0.0
SSM,20090199.0,2.43,1.215,1.215,1.215,0.0,0.0,0.0,0.0,0.0,0.0,0.0,0.0
SSM,20090200.0,2.43,1.215,1.215,1.215,0.0,0.0,0.0,0.0,0.0,0.0,0.0,0.0
SSM,20090201.0,2.43,1.215,1.215,1.215,0.0,0.0,0.0,0.0,0.0,0.0,0.0,0.0
SSM,20090202.0,2.43,2.43,2.43,2.43,0.0,0.0,0.0,0.0,0.0,0.0,0.0,0.0
SSM,20090203.0,2.485,1.285,1.27,1.285,0.0,0.0,0.0,0.0,0.0,0.0,0.0,0.0
SSM,20090204.0,2.54,2.57,2.54,2.57,0.0,0.0,0.0,0.0,0.0,0.0,0.0,0.0
SSM,20090205.0,2.54,2.54,2.54,2.54,0.0,0.0,0.0,0.0,0.0,0.0,0.0,0.0
SSM,20090206.0,2.54,2.54,2.54,2.54,0.0,0.0,0.0,0.0,0.0,0.0,0.0,0.0
SSM,20090207.0,2.54,1.27,1.27,1.27,0.0,0.0,0.0,0.0,0.0,0.0,0.0,0.0
SSM,20090208.0,2.54,1.27,1.27,1.27,0.0,0.0,0.0,0.0,0.0,0.0,0.0,0.0
SSM,20090209.0,2.54,2.54,2.54,2.54,0.0,0.0,0.0,0.0,0.0,0.0,0.0,0.0
SSM,20090210.0,2.57,2.57,2.57,2.57,0.0,0.0,0.0,0.0,0.0,0.0,0.0,0.0
SSM,20090211.0,2.6,2.6,2.54,2.54,0.0,0.0,0.0,0.0,0.0,0.0,0.0,0.0
SSM,20090212.0,2.54,2.57,2.54,2.54,0.0,0.0,0.0,0.0,0.0,0.0,0.0,0.0
SSM,20090213.0,2.54,2.6,2.54,2.6,0.0,0.0,0.0,0.0,0.0,0.0,0.0,0.0
SSM,20090214.0,2.57,1.37,1.3,1.37,0.0,0.0,0.0,0.0,0.0,0.0,0.0,0.0
SSM,20090215.0,2.585,1.37,1.3,1.37,0.0,0.0,0.0,0.0,0.0,0.0,0.0,0.0
SSM,20090216.0,2.6,2.74,2.6,2.74,0.0,0.0,0.0,0.0,0.0,0.0,0.0,0.0
SSM,20090217.0,2.68,2.82,2.66,2.82,0.0,0.0,0.0,0.0,0.0,0.0,0.0,0.0
SSM,20090218.0,2.9,2.9,2.9,2.91,0.0,0.0,0.0,0.0,0.0,0.0,0.0,0.0
SSM,20090219.0,3.11,3.11,3.11,3.1,0.0,0.0,0.0,0.0,0.0,0.0,0.0,0.0
SSM,20090220.0,3.3,3.3,3.1,3.16,0.0,0.0,0.0,0.0,0.0,0.0,0.0,0.0
SSM,20090221.0,3.16,1.51,1.51,1.51,0.0,0.0,0.0,0.0,0.0,0.0,0.0,0.0
SSM,20090222.0,3.09,1.51,1.51,1.51,0.0,0.0,0.0,0.0,0.0,0.0,0.0,0.0
SSM,20090223.0,3.02,3.02,3.02,3.02,0.0,0.0,0.0,0.0,0.0,0.0,0.0,0.0
SSM,20090224.0,2.82,2.82,2.82,2.82,0.0,0.0,0.0,0.0,0.0,0.0,0.0,0.0
SSM,20090225.0,2.88,2.88,2.82,2.82,0.0,0.0,0.0,0.0,0.0,0.0,0.0,0.0
SSM,20090226.0,2.85,1.54,1.41,1.54,0.0,0.0,0.0,0.0,0.0,0.0,0.0,0.0
SSM,20090227.0,2.82,3.08,2.82,3.08,0.0,0.0,0.0,0.0,0.0,0.0,0.0,0.0
SSM,20090228.0,2.75,1.485,1.34,1.48,0.0,0.0,0.0,0.0,0.0,0.0,0.0,0.0
SSM,20090229.0,2.715,1.485,1.34,1.48,0.0,0.0,0.0,0.0,0.0,0.0,0.0,0.0
SSM,20090230.0,2.6975,1.485,1.34,1.48,0.0,0.0,0.0,0.0,0.0,0.0,0.0,0.0
SSM,20090231.0,2.68875,1.485,1.34,1.48,0.0,0.0,0.0,0.0,0.0,0.0,0.0,0.0
SSM,20090232.0,2.684375,1.485,1.34,1.48,0.0,0.0,0.0,0.0,0.0,0.0,0.0,0.0
SSM,20090233.0,2.6821875,1.485,1.34,1.48,0.0,0.0,0.0,0.0,0.0,0.0,0.0,0.0
SSM,20090234.0,2.68109375,1.485,1.34,1.48,0.0,0.0,0.0,0.0,0.0,0.0,0.0,0.0
SSM,20090235.0,2.680546875,1.485,1.34,1.48,0.0,0.0,0.0,0.0,0.0,0.0,0.0,0.0
SSM,20090236.0,2.6802734375,1.485,1.34,1.48,0.0,0.0,0.0,0.0,0.0,0.0,0.0,0.0
SSM,20090237.0,2.68013671875,1.485,1.34,1.48,0.0,0.0,0.0,0.0,0.0,0.0,0.0,0.0
SSM,20090238.0,2.68006835938,1.485,1.34,1.48,0.0,0.0,0.0,0.0,0.0,0.0,0.0,0.0
SSM,20090239.0,2.68003417969,1.485,1.34,1.48,0.0,0.0,0.0,0.0,0.0,0.0,0.0,0.0
SSM,20090240.0,2.68001708984,1.485,1.34,1.48,0.0,0.0,0.0,0.0,0.0,0.0,0.0,0.0
SSM,20090241.0,2.68000854492,1.485,1.34,1.48,0.0,0.0,0.0,0.0,0.0,0.0,0.0,0.0
SSM,20090242.0,2.68000427246,1.485,1.34,1.48,0.0,0.0,0.0,0.0,0.0,0.0,0.0,0.0
SSM,20090243.0,2.68000213623,1.485,1.34,1.48,0.0,0.0,0.0,0.0,0.0,0.0,0.0,0.0
SSM,20090244.0,2.68000106812,1.485,1.34,1.48,0.0,0.0,0.0,0.0,0.0,0.0,0.0,0.0
SSM,20090245.0,2.68000053406,1.485,1.34,1.48,0.0,0.0,0.0,0.0,0.0,0.0,0.0,0.0
SSM,20090246.0,2.68000026703,1.485,1.34,1.48,0.0,0.0,0.0,0.0,0.0,0.0,0.0,0.0
SSM,20090247.0,2.68000013351,1.485,1.34,1.48,0.0,0.0,0.0,0.0,0.0,0.0,0.0,0.0
SSM,20090248.0,2.68000006676,1.485,1.34,1.48,0.0,0.0,0.0,0.0,0.0,0.0,0.0,0.0
SSM,20090249.0,2.68000003338,1.485,1.34,1.48,0.0,0.0,0.0,0.0,0.0,0.0,0.0,0.0
SSM,20090250.0,2.68000001669,1.485,1.34,1.48,0.0,0.0,0.0,0.0,0.0,0.0,0.0,0.0
SSM,20090251.0,2.68000000834,1.485,1.34,1.48,0.0,0.0,0.0,0.0,0.0,0.0,0.0,0.0
SSM,20090252.0,2.68000000417,1.485,1.34,1.48,0.0,0.0,0.0,0.0,0.0,0.0,0.0,0.0
SSM,20090253.0,2.68000000209,1.485,1.34,1.48,0.0,0.0,0.0,0.0,0.0,0.0,0.0,0.0
SSM,20090254.0,2.68000000104,1.485,1.34,1.48,0.0,0.0,0.0,0.0,0.0,0.0,0.0,0.0
SSM,20090255.0,2.68000000052,1.485,1.34,1.48,0.0,0.0,0.0,0.0,0.0,0.0,0.0,0.0
SSM,20090256.0,2.68000000026,1.485,1.34,1.48,0.0,0.0,0.0,0.0,0.0,0.0,0.0,0.0
SSM,20090257.0,2.68000000013,1.485,1.34,1.48,0.0,0.0,0.0,0.0,0.0,0.0,0.0,0.0
SSM,20090258.0,2.68000000007,1.485,1.34,1.48,0.0,0.0,0.0,0.0,0.0,0.0,0.0,0.0
SSM,20090259.0,2.68000000003,1.485,1.34,1.48,0.0,0.0,0.0,0.0,0.0,0.0,0.0,0.0
SSM,20090260.0,2.68000000002,1.485,1.34,1.48,0.0,0.0,0.0,0.0,0.0,0.0,0.0,0.0
SSM,20090261.0,2.68000000001,1.485,1.34,1.48,0.0,0.0,0.0,0.0,0.0,0.0,0.0,0.0
SSM,20090262.0,2.68,1.485,1.34,1.48,0.0,0.0,0.0,0.0,0.0,0.0,0.0,0.0
SSM,20090263.0,2.68,1.485,1.34,1.48,0.0,0.0,0.0,0.0,0.0,0.0,0.0,0.0
SSM,20090264.0,2.68,1.485,1.34,1.48,0.0,0.0,0.0,0.0,0.0,0.0,0.0,0.0
SSM,20090265.0,2.68,1.485,1.34,1.48,0.0,0.0,0.0,0.0,0.0,0.0,0.0,0.0
SSM,20090266.0,2.68,1.485,1.34,1.48,0.0,0.0,0.0,0.0,0.0,0.0,0.0,0.0
SSM,20090267.0,2.68,1.485,1.34,1.48,0.0,0.0,0.0,0.0,0.0,0.0,0.0,0.0
SSM,20090268.0,2.68,1.485,1.34,1.48,0.0,0.0,0.0,0.0,0.0,0.0,0.0,0.0
SSM,20090269.0,2.68,1.485,1.34,1.48,0.0,0.0,0.0,0.0,0.0,0.0,0.0,0.0
SSM,20090270.0,2.68,1.485,1.34,1.48,0.0,0.0,0.0,0.0,0.0,0.0,0.0,0.0
SSM,20090271.0,2.68,1.485,1.34,1.48,0.0,0.0,0.0,0.0,0.0,0.0,0.0,0.0
SSM,20090272.0,2.68,1.485,1.34,1.48,0.0,0.0,0.0,0.0,0.0,0.0,0.0,0.0
SSM,20090273.0,2.68,1.485,1.34,1.48,0.0,0.0,0.0,0.0,0.0,0.0,0.0,0.0
SSM,20090274.0,2.68,1.485,1.34,1.48,0.0,0.0,0.0,0.0,0.0,0.0,0.0,0.0
SSM,20090275.0,2.68,1.485,1.34,1.48,0.0,0.0,0.0,0.0,0.0,0.0,0.0,0.0
SSM,20090276.0,2.68,1.485,1.34,1.48,0.0,0.0,0.0,0.0,0.0,0.0,0.0,0.0
SSM,20090277.0,2.68,1.485,1.34,1.48,0.0,0.0,0.0,0.0,0.0,0.0,0.0,0.0
SSM,20090278.0,2.68,1.485,1.34,1.48,0.0,0.0,0.0,0.0,0.0,0.0,0.0,0.0
SSM,20090279.0,2.68,1.485,1.34,1.48,0.0,0.0,0.0,0.0,0.0,0.0,0.0,0.0
SSM,20090280.0,2.68,1.485,1.34,1.48,0.0,0.0,0.0,0.0,0.0,0.0,0.0,0.0
SSM,20090281.0,2.68,1.485,1.34,1.48,0.0,0.0,0.0,0.0,0.0,0.0,0.0,0.0
SSM,20090282.0,2.68,1.485,1.34,1.48,0.0,0.0,0.0,0.0,0.0,0.0,0.0,0.0
SSM,20090283.0,2.68,1.485,1.34,1.48,0.0,0.0,0.0,0.0,0.0,0.0,0.0,0.0
SSM,20090284.0,2.68,1.485,1.34,1.48,0.0,0.0,0.0,0.0,0.0,0.0,0.0,0.0
SSM,20090285.0,2.68,1.485,1.34,1.48,0.0,0.0,0.0,0.0,0.0,0.0,0.0,0.0
SSM,20090286.0,2.68,1.485,1.34,1.48,0.0,0.0,0.0,0.0,0.0,0.0,0.0,0.0
SSM,20090287.0,2.68,1.485,1.34,1.48,0.0,0.0,0.0,0.0,0.0,0.0,0.0,0.0
SSM,20090288.0,2.68,1.485,1.34,1.48,0.0,0.0,0.0,0.0,0.0,0.0,0.0,0.0
SSM,20090289.0,2.68,1.485,1.34,1.48,0.0,0.0,0.0,0.0,0.0,0.0,0.0,0.0
SSM,20090290.0,2.68,1.485,1.34,1.48,0.0,0.0,0.0,0.0,0.0,0.0,0.0,0.0
SSM,20090291.0,2.68,1.485,1.34,1.48,0.0,0.0,0.0,0.0,0.0,0.0,0.0,0.0
SSM,20090292.0,2.68,1.485,1.34,1.48,0.0,0.0,0.0,0.0,0.0,0.0,0.0,0.0
SSM,20090293.0,2.68,1.485,1.34,1.48,0.0,0.0,0.0,0.0,0.0,0.0,0.0,0.0
SSM,20090294.0,2.68,1.485,1.34,1.48,0.0,0.0,0.0,0.0,0.0,0.0,0.0,0.0
SSM,20090295.0,2.68,1.485,1.34,1.48,0.0,0.0,0.0,0.0,0.0,0.0,0.0,0.0
SSM,20090296.0,2.68,1.485,1.34,1.48,0.0,0.0,0.0,0.0,0.0,0.0,0.0,0.0
SSM,20090297.0,2.68,1.485,1.34,1.48,0.0,0.0,0.0,0.0,0.0,0.0,0.0,0.0
SSM,20090298.0,2.68,1.485,1.34,1.48,0.0,0.0,0.0,0.0,0.0,0.0,0.0,0.0
SSM,20090299.0,2.68,1.485,1.34,1.48,0.0,0.0,0.0,0.0,0.0,0.0,0.0,0.0
SSM,20090300.0,2.68,1.485,1.34,1.48,0.0,0.0,0.0,0.0,0.0,0.0,0.0,0.0
SSM,20090301.0,2.68,1.485,1.34,1.48,0.0,0.0,0.0,0.0,0.0,0.0,0.0,0.0
SSM,20090302.0,2.68,2.97,2.68,2.96,0.0,0.0,0.0,0.0,0.0,0.0,0.0,0.0
SSM,20090303.0,2.68,2.68,2.65,2.65,0.0,0.0,0.0,0.0,0.0,0.0,0.0,0.0
SSM,20090304.0,2.76,2.82,2.76,2.82,0.0,0.0,0.0,0.0,0.0,0.0,0.0,0.0
SSM,20090305.0,2.93,2.96,2.9,2.96,0.0,0.0,0.0,0.0,0.0,0.0,0.0,0.0
SSM,20090306.0,2.82,2.82,2.82,2.82,0.0,0.0,0.0,0.0,0.0,0.0,0.0,0.0
SSM,20090307.0,2.82,1.44,1.38,1.385,0.0,0.0,0.0,0.0,0.0,0.0,0.0,0.0
SSM,20090308.0,2.82,1.44,1.38,1.385,0.0,0.0,0.0,0.0,0.0,0.0,0.0,0.0
SSM,20090309.0,2.82,2.88,2.76,2.77,0.0,0.0,0.0,0.0,0.0,0.0,0.0,0.0
SSM,20090310.0,2.77,3.02,2.77,2.91,0.0,0.0,0.0,0.0,0.0,0.0,0.0,0.0
SSM,20090311.0,2.83,2.94,2.83,2.93,0.0,0.0,0.0,0.0,0.0,0.0,0.0,0.0
SSM,20090312.0,3.04,3.04,2.85,2.88,0.0,0.0,0.0,0.0,0.0,0.0,0.0,0.0
SSM,20090313.0,3.08,3.08,3.08,3.08,0.0,0.0,0.0,0.0,0.0,0.0,0.0,0.0
SSM,20090314.0,2.995,1.47,1.455,1.465,0.0,0.0,0.0,0.0,0.0,0.0,0.0,0.0
SSM,20090315.0,2.9525,1.47,1.455,1.465,0.0,0.0,0.0,0.0,0.0,0.0,0.0,0.0
SSM,20090316.0,2.91,2.94,2.91,2.93,0.0,0.0,0.0,0.0,0.0,0.0,0.0,0.0
SSM,20090317.0,2.9,2.9,2.9,2.91,0.0,0.0,0.0,0.0,0.0,0.0,0.0,0.0
SSM,20090318.0,3.08,3.11,2.97,3.08,0.0,0.0,0.0,0.0,0.0,0.0,0.0,0.0
SSM,20090319.0,3.05,3.05,3.02,3.05,0.0,0.0,0.0,0.0,0.0,0.0,0.0,0.0
SSM,20090320.0,3.02,3.19,3.02,3.05,0.0,0.0,0.0,0.0,0.0,0.0,0.0,0.0
SSM,20090321.0,3.065,1.625,1.555,1.62,0.0,0.0,0.0,0.0,0.0,0.0,0.0,0.0
SSM,20090322.0,3.0875,1.625,1.555,1.62,0.0,0.0,0.0,0.0,0.0,0.0,0.0,0.0
SSM,20090323.0,3.11,3.25,3.11,3.24,0.0,0.0,0.0,0.0,0.0,0.0,0.0,0.0
SSM,20090324.0,3.3,3.38,3.16,3.16,0.0,0.0,0.0,0.0,0.0,0.0,0.0,0.0
SSM,20090325.0,3.1,3.24,3.1,3.1,0.0,0.0,0.0,0.0,0.0,0.0,0.0,0.0
SSM,20090326.0,3.24,3.24,3.13,3.19,0.0,0.0,0.0,0.0,0.0,0.0,0.0,0.0
SSM,20090327.0,3.16,3.22,3.16,3.22,0.0,0.0,0.0,0.0,0.0,0.0,0.0,0.0
SSM,20090328.0,3.245,1.68,1.65,1.68,0.0,0.0,0.0,0.0,0.0,0.0,0.0,0.0
SSM,20090329.0,3.2875,1.68,1.65,1.68,0.0,0.0,0.0,0.0,0.0,0.0,0.0,0.0
SSM,20090330.0,3.33,3.36,3.3,3.36,0.0,0.0,0.0,0.0,0.0,0.0,0.0,0.0
SSM,20090331.0,3.5,3.5,3.3,3.41,0.0,0.0,0.0,0.0,0.0,0.0,0.0,0.0
SSM,20090332.0,3.495,1.79,1.735,1.79,0.0,0.0,0.0,0.0,0.0,0.0,0.0,0.0
SSM,20090333.0,3.4925,1.79,1.735,1.79,0.0,0.0,0.0,0.0,0.0,0.0,0.0,0.0
SSM,20090334.0,3.49125,1.79,1.735,1.79,0.0,0.0,0.0,0.0,0.0,0.0,0.0,0.0
SSM,20090335.0,3.490625,1.79,1.735,1.79,0.0,0.0,0.0,0.0,0.0,0.0,0.0,0.0
SSM,20090336.0,3.4903125,1.79,1.735,1.79,0.0,0.0,0.0,0.0,0.0,0.0,0.0,0.0
SSM,20090337.0,3.49015625,1.79,1.735,1.79,0.0,0.0,0.0,0.0,0.0,0.0,0.0,0.0
SSM,20090338.0,3.490078125,1.79,1.735,1.79,0.0,0.0,0.0,0.0,0.0,0.0,0.0,0.0
SSM,20090339.0,3.4900390625,1.79,1.735,1.79,0.0,0.0,0.0,0.0,0.0,0.0,0.0,0.0
SSM,20090340.0,3.49001953125,1.79,1.735,1.79,0.0,0.0,0.0,0.0,0.0,0.0,0.0,0.0
SSM,20090341.0,3.49000976563,1.79,1.735,1.79,0.0,0.0,0.0,0.0,0.0,0.0,0.0,0.0
SSM,20090342.0,3.49000488281,1.79,1.735,1.79,0.0,0.0,0.0,0.0,0.0,0.0,0.0,0.0
SSM,20090343.0,3.49000244141,1.79,1.735,1.79,0.0,0.0,0.0,0.0,0.0,0.0,0.0,0.0
SSM,20090344.0,3.4900012207,1.79,1.735,1.79,0.0,0.0,0.0,0.0,0.0,0.0,0.0,0.0
SSM,20090345.0,3.49000061035,1.79,1.735,1.79,0.0,0.0,0.0,0.0,0.0,0.0,0.0,0.0
SSM,20090346.0,3.49000030518,1.79,1.735,1.79,0.0,0.0,0.0,0.0,0.0,0.0,0.0,0.0
SSM,20090347.0,3.49000015259,1.79,1.735,1.79,0.0,0.0,0.0,0.0,0.0,0.0,0.0,0.0
SSM,20090348.0,3.49000007629,1.79,1.735,1.79,0.0,0.0,0.0,0.0,0.0,0.0,0.0,0.0
SSM,20090349.0,3.49000003815,1.79,1.735,1.79,0.0,0.0,0.0,0.0,0.0,0.0,0.0,0.0
SSM,20090350.0,3.49000001907,1.79,1.735,1.79,0.0,0.0,0.0,0.0,0.0,0.0,0.0,0.0
SSM,20090351.0,3.49000000954,1.79,1.735,1.79,0.0,0.0,0.0,0.0,0.0,0.0,0.0,0.0
SSM,20090352.0,3.49000000477,1.79,1.735,1.79,0.0,0.0,0.0,0.0,0.0,0.0,0.0,0.0
SSM,20090353.0,3.49000000238,1.79,1.735,1.79,0.0,0.0,0.0,0.0,0.0,0.0,0.0,0.0
SSM,20090354.0,3.49000000119,1.79,1.735,1.79,0.0,0.0,0.0,0.0,0.0,0.0,0.0,0.0
SSM,20090355.0,3.4900000006,1.79,1.735,1.79,0.0,0.0,0.0,0.0,0.0,0.0,0.0,0.0
SSM,20090356.0,3.4900000003,1.79,1.735,1.79,0.0,0.0,0.0,0.0,0.0,0.0,0.0,0.0
SSM,20090357.0,3.49000000015,1.79,1.735,1.79,0.0,0.0,0.0,0.0,0.0,0.0,0.0,0.0
SSM,20090358.0,3.49000000007,1.79,1.735,1.79,0.0,0.0,0.0,0.0,0.0,0.0,0.0,0.0
SSM,20090359.0,3.49000000004,1.79,1.735,1.79,0.0,0.0,0.0,0.0,0.0,0.0,0.0,0.0
SSM,20090360.0,3.49000000002,1.79,1.735,1.79,0.0,0.0,0.0,0.0,0.0,0.0,0.0,0.0
SSM,20090361.0,3.49000000001,1.79,1.735,1.79,0.0,0.0,0.0,0.0,0.0,0.0,0.0,0.0
SSM,20090362.0,3.49,1.79,1.735,1.79,0.0,0.0,0.0,0.0,0.0,0.0,0.0,0.0
SSM,20090363.0,3.49,1.79,1.735,1.79,0.0,0.0,0.0,0.0,0.0,0.0,0.0,0.0
SSM,20090364.0,3.49,1.79,1.735,1.79,0.0,0.0,0.0,0.0,0.0,0.0,0.0,0.0
SSM,20090365.0,3.49,1.79,1.735,1.79,0.0,0.0,0.0,0.0,0.0,0.0,0.0,0.0
SSM,20090366.0,3.49,1.79,1.735,1.79,0.0,0.0,0.0,0.0,0.0,0.0,0.0,0.0
SSM,20090367.0,3.49,1.79,1.735,1.79,0.0,0.0,0.0,0.0,0.0,0.0,0.0,0.0
SSM,20090368.0,3.49,1.79,1.735,1.79,0.0,0.0,0.0,0.0,0.0,0.0,0.0,0.0
SSM,20090369.0,3.49,1.79,1.735,1.79,0.0,0.0,0.0,0.0,0.0,0.0,0.0,0.0
SSM,20090370.0,3.49,1.79,1.735,1.79,0.0,0.0,0.0,0.0,0.0,0.0,0.0,0.0
SSM,20090371.0,3.49,1.79,1.735,1.79,0.0,0.0,0.0,0.0,0.0,0.0,0.0,0.0
SSM,20090372.0,3.49,1.79,1.735,1.79,0.0,0.0,0.0,0.0,0.0,0.0,0.0,0.0
SSM,20090373.0,3.49,1.79,1.735,1.79,0.0,0.0,0.0,0.0,0.0,0.0,0.0,0.0
SSM,20090374.0,3.49,1.79,1.735,1.79,0.0,0.0,0.0,0.0,0.0,0.0,0.0,0.0
SSM,20090375.0,3.49,1.79,1.735,1.79,0.0,0.0,0.0,0.0,0.0,0.0,0.0,0.0
SSM,20090376.0,3.49,1.79,1.735,1.79,0.0,0.0,0.0,0.0,0.0,0.0,0.0,0.0
SSM,20090377.0,3.49,1.79,1.735,1.79,0.0,0.0,0.0,0.0,0.0,0.0,0.0,0.0
SSM,20090378.0,3.49,1.79,1.735,1.79,0.0,0.0,0.0,0.0,0.0,0.0,0.0,0.0
SSM,20090379.0,3.49,1.79,1.735,1.79,0.0,0.0,0.0,0.0,0.0,0.0,0.0,0.0
SSM,20090380.0,3.49,1.79,1.735,1.79,0.0,0.0,0.0,0.0,0.0,0.0,0.0,0.0
SSM,20090381.0,3.49,1.79,1.735,1.79,0.0,0.0,0.0,0.0,0.0,0.0,0.0,0.0
SSM,20090382.0,3.49,1.79,1.735,1.79,0.0,0.0,0.0,0.0,0.0,0.0,0.0,0.0
SSM,20090383.0,3.49,1.79,1.735,1.79,0.0,0.0,0.0,0.0,0.0,0.0,0.0,0.0
SSM,20090384.0,3.49,1.79,1.735,1.79,0.0,0.0,0.0,0.0,0.0,0.0,0.0,0.0
SSM,20090385.0,3.49,1.79,1.735,1.79,0.0,0.0,0.0,0.0,0.0,0.0,0.0,0.0
SSM,20090386.0,3.49,1.79,1.735,1.79,0.0,0.0,0.0,0.0,0.0,0.0,0.0,0.0
SSM,20090387.0,3.49,1.79,1.735,1.79,0.0,0.0,0.0,0.0,0.0,0.0,0.0,0.0
SSM,20090388.0,3.49,1.79,1.735,1.79,0.0,0.0,0.0,0.0,0.0,0.0,0.0,0.0
SSM,20090389.0,3.49,1.79,1.735,1.79,0.0,0.0,0.0,0.0,0.0,0.0,0.0,0.0
SSM,20090390.0,3.49,1.79,1.735,1.79,0.0,0.0,0.0,0.0,0.0,0.0,0.0,0.0
SSM,20090391.0,3.49,1.79,1.735,1.79,0.0,0.0,0.0,0.0,0.0,0.0,0.0,0.0
SSM,20090392.0,3.49,1.79,1.735,1.79,0.0,0.0,0.0,0.0,0.0,0.0,0.0,0.0
SSM,20090393.0,3.49,1.79,1.735,1.79,0.0,0.0,0.0,0.0,0.0,0.0,0.0,0.0
SSM,20090394.0,3.49,1.79,1.735,1.79,0.0,0.0,0.0,0.0,0.0,0.0,0.0,0.0
SSM,20090395.0,3.49,1.79,1.735,1.79,0.0,0.0,0.0,0.0,0.0,0.0,0.0,0.0
SSM,20090396.0,3.49,1.79,1.735,1.79,0.0,0.0,0.0,0.0,0.0,0.0,0.0,0.0
SSM,20090397.0,3.49,1.79,1.735,1.79,0.0,0.0,0.0,0.0,0.0,0.0,0.0,0.0
SSM,20090398.0,3.49,1.79,1.735,1.79,0.0,0.0,0.0,0.0,0.0,0.0,0.0,0.0
SSM,20090399.0,3.49,1.79,1.735,1.79,0.0,0.0,0.0,0.0,0.0,0.0,0.0,0.0
SSM,20090400.0,3.49,1.79,1.735,1.79,0.0,0.0,0.0,0.0,0.0,0.0,0.0,0.0
SSM,20090401.0,3.49,3.58,3.47,3.58,0.0,0.0,0.0,0.0,0.0,0.0,0.0,0.0
SSM,20090402.0,3.81,3.81,3.81,3.81,0.0,0.0,0.0,0.0,0.0,0.0,0.0,0.0
SSM,20090403.0,4.06,4.06,3.95,4.04,0.0,0.0,0.0,0.0,0.0,0.0,0.0,0.0
SSM,20090404.0,4.19,2.16,2.02,2.1,0.0,0.0,0.0,0.0,0.0,0.0,0.0,0.0
SSM,20090405.0,4.255,2.16,2.02,2.1,0.0,0.0,0.0,0.0,0.0,0.0,0.0,0.0
SSM,20090406.0,4.2875,2.16,2.02,2.1,0.0,0.0,0.0,0.0,0.0,0.0,0.0,0.0
SSM,20090407.0,4.32,4.32,4.04,4.2,0.0,0.0,0.0,0.0,0.0,0.0,0.0,0.0
SSM,20090408.0,3.89,4.0,3.89,3.89,0.0,0.0,0.0,0.0,0.0,0.0,0.0,0.0
SSM,20090409.0,3.83,3.83,3.75,3.81,0.0,0.0,0.0,0.0,0.0,0.0,0.0,0.0
SSM,20090410.0,3.89,4.04,3.89,4.04,0.0,0.0,0.0,0.0,0.0,0.0,0.0,0.0
SSM,20090411.0,3.995,2.135,2.05,2.13,0.0,0.0,0.0,0.0,0.0,0.0,0.0,0.0
SSM,20090412.0,4.0475,2.135,2.05,2.13,0.0,0.0,0.0,0.0,0.0,0.0,0.0,0.0
SSM,20090413.0,4.1,4.27,4.1,4.26,0.0,0.0,0.0,0.0,0.0,0.0,0.0,0.0
SSM,20090414.0,4.32,4.32,4.18,4.18,0.0,0.0,0.0,0.0,0.0,0.0,0.0,0.0
SSM,20090415.0,4.18,4.18,3.95,3.95,0.0,0.0,0.0,0.0,0.0,0.0,0.0,0.0
SSM,20090416.0,4.18,4.2,3.78,3.87,0.0,0.0,0.0,0.0,0.0,0.0,0.0,0.0
SSM,20090417.0,4.1,4.1,3.7,3.7,0.0,0.0,0.0,0.0,0.0,0.0,0.0,0.0
SSM,20090418.0,3.845,1.835,1.75,1.75,0.0,0.0,0.0,0.0,0.0,0.0,0.0,0.0
SSM,20090419.0,3.7175,1.835,1.75,1.75,0.0,0.0,0.0,0.0,0.0,0.0,0.0,0.0
SSM,20090420.0,3.59,3.67,3.5,3.5,0.0,0.0,0.0,0.0,0.0,0.0,0.0,0.0
SSM,20090421.0,3.33,3.75,3.3,3.61,0.0,0.0,0.0,0.0,0.0,0.0,0.0,0.0
SSM,20090422.0,3.69,3.69,3.69,3.7,0.0,0.0,0.0,0.0,0.0,0.0,0.0,0.0
SSM,20090423.0,3.95,3.95,3.9,3.95,0.0,0.0,0.0,0.0,0.0,0.0,0.0,0.0
SSM,20090424.0,4.2,4.2,3.89,4.09,0.0,0.0,0.0,0.0,0.0,0.0,0.0,0.0
SSM,20090425.0,4.105,2.015,1.92,1.935,0.0,0.0,0.0,0.0,0.0,0.0,0.0,0.0
SSM,20090426.0,4.0575,2.015,1.92,1.935,0.0,0.0,0.0,0.0,0.0,0.0,0.0,0.0
SSM,20090427.0,4.01,4.03,3.84,3.87,0.0,0.0,0.0,0.0,0.0,0.0,0.0,0.0
SSM,20090428.0,3.93,3.98,3.93,3.98,0.0,0.0,0.0,0.0,0.0,0.0,0.0,0.0
SSM,20090429.0,3.95,3.95,3.84,3.84,0.0,0.0,0.0,0.0,0.0,0.0,0.0,0.0
SSM,20090430.0,3.95,2.06,1.975,2.06,0.0,0.0,0.0,0.0,0.0,0.0,0.0,0.0
SSM,20090431.0,3.95,2.06,1.975,2.06,0.0,0.0,0.0,0.0,0.0,0.0,0.0,0.0
SSM,20090432.0,3.95,2.06,1.975,2.06,0.0,0.0,0.0,0.0,0.0,0.0,0.0,0.0
SSM,20090433.0,3.95,2.06,1.975,2.06,0.0,0.0,0.0,0.0,0.0,0.0,0.0,0.0
SSM,20090434.0,3.95,2.06,1.975,2.06,0.0,0.0,0.0,0.0,0.0,0.0,0.0,0.0
SSM,20090435.0,3.95,2.06,1.975,2.06,0.0,0.0,0.0,0.0,0.0,0.0,0.0,0.0
SSM,20090436.0,3.95,2.06,1.975,2.06,0.0,0.0,0.0,0.0,0.0,0.0,0.0,0.0
SSM,20090437.0,3.95,2.06,1.975,2.06,0.0,0.0,0.0,0.0,0.0,0.0,0.0,0.0
SSM,20090438.0,3.95,2.06,1.975,2.06,0.0,0.0,0.0,0.0,0.0,0.0,0.0,0.0
SSM,20090439.0,3.95,2.06,1.975,2.06,0.0,0.0,0.0,0.0,0.0,0.0,0.0,0.0
SSM,20090440.0,3.95,2.06,1.975,2.06,0.0,0.0,0.0,0.0,0.0,0.0,0.0,0.0
SSM,20090441.0,3.95,2.06,1.975,2.06,0.0,0.0,0.0,0.0,0.0,0.0,0.0,0.0
SSM,20090442.0,3.95,2.06,1.975,2.06,0.0,0.0,0.0,0.0,0.0,0.0,0.0,0.0
SSM,20090443.0,3.95,2.06,1.975,2.06,0.0,0.0,0.0,0.0,0.0,0.0,0.0,0.0
SSM,20090444.0,3.95,2.06,1.975,2.06,0.0,0.0,0.0,0.0,0.0,0.0,0.0,0.0
SSM,20090445.0,3.95,2.06,1.975,2.06,0.0,0.0,0.0,0.0,0.0,0.0,0.0,0.0
SSM,20090446.0,3.95,2.06,1.975,2.06,0.0,0.0,0.0,0.0,0.0,0.0,0.0,0.0
SSM,20090447.0,3.95,2.06,1.975,2.06,0.0,0.0,0.0,0.0,0.0,0.0,0.0,0.0
SSM,20090448.0,3.95,2.06,1.975,2.06,0.0,0.0,0.0,0.0,0.0,0.0,0.0,0.0
SSM,20090449.0,3.95,2.06,1.975,2.06,0.0,0.0,0.0,0.0,0.0,0.0,0.0,0.0
SSM,20090450.0,3.95,2.06,1.975,2.06,0.0,0.0,0.0,0.0,0.0,0.0,0.0,0.0
SSM,20090451.0,3.95,2.06,1.975,2.06,0.0,0.0,0.0,0.0,0.0,0.0,0.0,0.0
SSM,20090452.0,3.95,2.06,1.975,2.06,0.0,0.0,0.0,0.0,0.0,0.0,0.0,0.0
SSM,20090453.0,3.95,2.06,1.975,2.06,0.0,0.0,0.0,0.0,0.0,0.0,0.0,0.0
SSM,20090454.0,3.95,2.06,1.975,2.06,0.0,0.0,0.0,0.0,0.0,0.0,0.0,0.0
SSM,20090455.0,3.95,2.06,1.975,2.06,0.0,0.0,0.0,0.0,0.0,0.0,0.0,0.0
SSM,20090456.0,3.95,2.06,1.975,2.06,0.0,0.0,0.0,0.0,0.0,0.0,0.0,0.0
SSM,20090457.0,3.95,2.06,1.975,2.06,0.0,0.0,0.0,0.0,0.0,0.0,0.0,0.0
SSM,20090458.0,3.95,2.06,1.975,2.06,0.0,0.0,0.0,0.0,0.0,0.0,0.0,0.0
SSM,20090459.0,3.95,2.06,1.975,2.06,0.0,0.0,0.0,0.0,0.0,0.0,0.0,0.0
SSM,20090460.0,3.95,2.06,1.975,2.06,0.0,0.0,0.0,0.0,0.0,0.0,0.0,0.0
SSM,20090461.0,3.95,2.06,1.975,2.06,0.0,0.0,0.0,0.0,0.0,0.0,0.0,0.0
SSM,20090462.0,3.95,2.06,1.975,2.06,0.0,0.0,0.0,0.0,0.0,0.0,0.0,0.0
SSM,20090463.0,3.95,2.06,1.975,2.06,0.0,0.0,0.0,0.0,0.0,0.0,0.0,0.0
SSM,20090464.0,3.95,2.06,1.975,2.06,0.0,0.0,0.0,0.0,0.0,0.0,0.0,0.0
SSM,20090465.0,3.95,2.06,1.975,2.06,0.0,0.0,0.0,0.0,0.0,0.0,0.0,0.0
SSM,20090466.0,3.95,2.06,1.975,2.06,0.0,0.0,0.0,0.0,0.0,0.0,0.0,0.0
SSM,20090467.0,3.95,2.06,1.975,2.06,0.0,0.0,0.0,0.0,0.0,0.0,0.0,0.0
SSM,20090468.0,3.95,2.06,1.975,2.06,0.0,0.0,0.0,0.0,0.0,0.0,0.0,0.0
SSM,20090469.0,3.95,2.06,1.975,2.06,0.0,0.0,0.0,0.0,0.0,0.0,0.0,0.0
SSM,20090470.0,3.95,2.06,1.975,2.06,0.0,0.0,0.0,0.0,0.0,0.0,0.0,0.0
SSM,20090471.0,3.95,2.06,1.975,2.06,0.0,0.0,0.0,0.0,0.0,0.0,0.0,0.0
SSM,20090472.0,3.95,2.06,1.975,2.06,0.0,0.0,0.0,0.0,0.0,0.0,0.0,0.0
SSM,20090473.0,3.95,2.06,1.975,2.06,0.0,0.0,0.0,0.0,0.0,0.0,0.0,0.0
SSM,20090474.0,3.95,2.06,1.975,2.06,0.0,0.0,0.0,0.0,0.0,0.0,0.0,0.0
SSM,20090475.0,3.95,2.06,1.975,2.06,0.0,0.0,0.0,0.0,0.0,0.0,0.0,0.0
SSM,20090476.0,3.95,2.06,1.975,2.06,0.0,0.0,0.0,0.0,0.0,0.0,0.0,0.0
SSM,20090477.0,3.95,2.06,1.975,2.06,0.0,0.0,0.0,0.0,0.0,0.0,0.0,0.0
SSM,20090478.0,3.95,2.06,1.975,2.06,0.0,0.0,0.0,0.0,0.0,0.0,0.0,0.0
SSM,20090479.0,3.95,2.06,1.975,2.06,0.0,0.0,0.0,0.0,0.0,0.0,0.0,0.0
SSM,20090480.0,3.95,2.06,1.975,2.06,0.0,0.0,0.0,0.0,0.0,0.0,0.0,0.0
SSM,20090481.0,3.95,2.06,1.975,2.06,0.0,0.0,0.0,0.0,0.0,0.0,0.0,0.0
SSM,20090482.0,3.95,2.06,1.975,2.06,0.0,0.0,0.0,0.0,0.0,0.0,0.0,0.0
SSM,20090483.0,3.95,2.06,1.975,2.06,0.0,0.0,0.0,0.0,0.0,0.0,0.0,0.0
SSM,20090484.0,3.95,2.06,1.975,2.06,0.0,0.0,0.0,0.0,0.0,0.0,0.0,0.0
SSM,20090485.0,3.95,2.06,1.975,2.06,0.0,0.0,0.0,0.0,0.0,0.0,0.0,0.0
SSM,20090486.0,3.95,2.06,1.975,2.06,0.0,0.0,0.0,0.0,0.0,0.0,0.0,0.0
SSM,20090487.0,3.95,2.06,1.975,2.06,0.0,0.0,0.0,0.0,0.0,0.0,0.0,0.0
SSM,20090488.0,3.95,2.06,1.975,2.06,0.0,0.0,0.0,0.0,0.0,0.0,0.0,0.0
SSM,20090489.0,3.95,2.06,1.975,2.06,0.0,0.0,0.0,0.0,0.0,0.0,0.0,0.0
SSM,20090490.0,3.95,2.06,1.975,2.06,0.0,0.0,0.0,0.0,0.0,0.0,0.0,0.0
SSM,20090491.0,3.95,2.06,1.975,2.06,0.0,0.0,0.0,0.0,0.0,0.0,0.0,0.0
SSM,20090492.0,3.95,2.06,1.975,2.06,0.0,0.0,0.0,0.0,0.0,0.0,0.0,0.0
SSM,20090493.0,3.95,2.06,1.975,2.06,0.0,0.0,0.0,0.0,0.0,0.0,0.0,0.0
SSM,20090494.0,3.95,2.06,1.975,2.06,0.0,0.0,0.0,0.0,0.0,0.0,0.0,0.0
SSM,20090495.0,3.95,2.06,1.975,2.06,0.0,0.0,0.0,0.0,0.0,0.0,0.0,0.0
SSM,20090496.0,3.95,2.06,1.975,2.06,0.0,0.0,0.0,0.0,0.0,0.0,0.0,0.0
SSM,20090497.0,3.95,2.06,1.975,2.06,0.0,0.0,0.0,0.0,0.0,0.0,0.0,0.0
SSM,20090498.0,3.95,2.06,1.975,2.06,0.0,0.0,0.0,0.0,0.0,0.0,0.0,0.0
SSM,20090499.0,3.95,2.06,1.975,2.06,0.0,0.0,0.0,0.0,0.0,0.0,0.0,0.0
SSM,20090500.0,3.95,2.06,1.975,2.06,0.0,0.0,0.0,0.0,0.0,0.0,0.0,0.0
SSM,20090501.0,3.95,2.06,1.975,2.06,0.0,0.0,0.0,0.0,0.0,0.0,0.0,0.0
SSM,20090502.0,3.95,2.06,1.975,2.06,0.0,0.0,0.0,0.0,0.0,0.0,0.0,0.0
SSM,20090503.0,3.95,2.06,1.975,2.06,0.0,0.0,0.0,0.0,0.0,0.0,0.0,0.0
SSM,20090504.0,3.95,4.12,3.95,4.12,0.0,0.0,0.0,0.0,0.0,0.0,0.0,0.0
SSM,20090505.0,4.37,4.37,4.23,4.23,0.0,0.0,0.0,0.0,0.0,0.0,0.0,0.0
SSM,20090506.0,4.23,4.23,4.06,4.06,0.0,0.0,0.0,0.0,0.0,0.0,0.0,0.0
SSM,20090507.0,4.14,4.14,3.86,4.15,0.0,0.0,0.0,0.0,0.0,0.0,0.0,0.0
SSM,20090508.0,3.95,3.95,3.73,3.87,0.0,0.0,0.0,0.0,0.0,0.0,0.0,0.0
SSM,20090509.0,3.88,2.02,1.905,1.975,0.0,0.0,0.0,0.0,0.0,0.0,0.0,0.0
SSM,20090510.0,3.845,2.02,1.905,1.975,0.0,0.0,0.0,0.0,0.0,0.0,0.0,0.0
SSM,20090511.0,3.81,4.04,3.81,3.95,0.0,0.0,0.0,0.0,0.0,0.0,0.0,0.0
SSM,20090512.0,3.89,4.03,3.78,4.01,0.0,0.0,0.0,0.0,0.0,0.0,0.0,0.0
SSM,20090513.0,4.04,4.07,3.95,4.04,0.0,0.0,0.0,0.0,0.0,0.0,0.0,0.0
SSM,20090514.0,4.04,4.1,3.98,4.04,0.0,0.0,0.0,0.0,0.0,0.0,0.0,0.0
SSM,20090515.0,4.32,4.32,4.18,4.32,0.0,0.0,0.0,0.0,0.0,0.0,0.0,0.0
SSM,20090516.0,4.46,2.3,2.275,2.3,0.0,0.0,0.0,0.0,0.0,0.0,0.0,0.0
SSM,20090517.0,4.53,2.3,2.275,2.3,0.0,0.0,0.0,0.0,0.0,0.0,0.0,0.0
SSM,20090518.0,4.6,4.6,4.55,4.6,0.0,0.0,0.0,0.0,0.0,0.0,0.0,0.0
SSM,20090519.0,4.91,4.91,4.85,4.91,0.0,0.0,0.0,0.0,0.0,0.0,0.0,0.0
SSM,20090520.0,5.25,5.25,4.8,4.99,0.0,0.0,0.0,0.0,0.0,0.0,0.0,0.0
SSM,20090521.0,5.07,5.13,4.82,5.02,0.0,0.0,0.0,0.0,0.0,0.0,0.0,0.0
SSM,20090522.0,4.96,4.96,4.65,4.77,0.0,0.0,0.0,0.0,0.0,0.0,0.0,0.0
SSM,20090523.0,4.68,2.51,2.2,2.51,0.0,0.0,0.0,0.0,0.0,0.0,0.0,0.0
SSM,20090524.0,4.54,2.51,2.2,2.51,0.0,0.0,0.0,0.0,0.0,0.0,0.0,0.0
SSM,20090525.0,4.4,5.02,4.4,5.02,0.0,0.0,0.0,0.0,0.0,0.0,0.0,0.0
SSM,20090526.0,5.22,5.27,5.08,5.28,0.0,0.0,0.0,0.0,0.0,0.0,0.0,0.0
SSM,20090527.0,5.28,5.62,5.28,5.45,0.0,0.0,0.0,0.0,0.0,0.0,0.0,0.0
SSM,20090528.0,5.31,5.31,5.14,5.16,0.0,0.0,0.0,0.0,0.0,0.0,0.0,0.0
SSM,20090529.0,5.53,5.53,5.53,5.53,0.0,0.0,0.0,0.0,0.0,0.0,0.0,0.0
SSM,20090530.0,5.715,2.95,2.89,2.95,0.0,0.0,0.0,0.0,0.0,0.0,0.0,0.0
SSM,20090531.0,5.8075,2.95,2.89,2.95,0.0,0.0,0.0,0.0,0.0,0.0,0.0,0.0
SSM,20090532.0,5.85375,2.95,2.89,2.95,0.0,0.0,0.0,0.0,0.0,0.0,0.0,0.0
SSM,20090533.0,5.876875,2.95,2.89,2.95,0.0,0.0,0.0,0.0,0.0,0.0,0.0,0.0
SSM,20090534.0,5.8884375,2.95,2.89,2.95,0.0,0.0,0.0,0.0,0.0,0.0,0.0,0.0
SSM,20090535.0,5.89421875,2.95,2.89,2.95,0.0,0.0,0.0,0.0,0.0,0.0,0.0,0.0
SSM,20090536.0,5.897109375,2.95,2.89,2.95,0.0,0.0,0.0,0.0,0.0,0.0,0.0,0.0
SSM,20090537.0,5.8985546875,2.95,2.89,2.95,0.0,0.0,0.0,0.0,0.0,0.0,0.0,0.0
SSM,20090538.0,5.89927734375,2.95,2.89,2.95,0.0,0.0,0.0,0.0,0.0,0.0,0.0,0.0
SSM,20090539.0,5.89963867188,2.95,2.89,2.95,0.0,0.0,0.0,0.0,0.0,0.0,0.0,0.0
SSM,20090540.0,5.89981933594,2.95,2.89,2.95,0.0,0.0,0.0,0.0,0.0,0.0,0.0,0.0
SSM,20090541.0,5.89990966797,2.95,2.89,2.95,0.0,0.0,0.0,0.0,0.0,0.0,0.0,0.0
SSM,20090542.0,5.89995483398,2.95,2.89,2.95,0.0,0.0,0.0,0.0,0.0,0.0,0.0,0.0
SSM,20090543.0,5.89997741699,2.95,2.89,2.95,0.0,0.0,0.0,0.0,0.0,0.0,0.0,0.0
SSM,20090544.0,5.8999887085,2.95,2.89,2.95,0.0,0.0,0.0,0.0,0.0,0.0,0.0,0.0
SSM,20090545.0,5.89999435425,2.95,2.89,2.95,0.0,0.0,0.0,0.0,0.0,0.0,0.0,0.0
SSM,20090546.0,5.89999717712,2.95,2.89,2.95,0.0,0.0,0.0,0.0,0.0,0.0,0.0,0.0
SSM,20090547.0,5.89999858856,2.95,2.89,2.95,0.0,0.0,0.0,0.0,0.0,0.0,0.0,0.0
SSM,20090548.0,5.89999929428,2.95,2.89,2.95,0.0,0.0,0.0,0.0,0.0,0.0,0.0,0.0
SSM,20090549.0,5.89999964714,2.95,2.89,2.95,0.0,0.0,0.0,0.0,0.0,0.0,0.0,0.0
SSM,20090550.0,5.89999982357,2.95,2.89,2.95,0.0,0.0,0.0,0.0,0.0,0.0,0.0,0.0
SSM,20090551.0,5.89999991179,2.95,2.89,2.95,0.0,0.0,0.0,0.0,0.0,0.0,0.0,0.0
SSM,20090552.0,5.89999995589,2.95,2.89,2.95,0.0,0.0,0.0,0.0,0.0,0.0,0.0,0.0
SSM,20090553.0,5.89999997795,2.95,2.89,2.95,0.0,0.0,0.0,0.0,0.0,0.0,0.0,0.0
SSM,20090554.0,5.89999998897,2.95,2.89,2.95,0.0,0.0,0.0,0.0,0.0,0.0,0.0,0.0
SSM,20090555.0,5.89999999449,2.95,2.89,2.95,0.0,0.0,0.0,0.0,0.0,0.0,0.0,0.0
SSM,20090556.0,5.89999999724,2.95,2.89,2.95,0.0,0.0,0.0,0.0,0.0,0.0,0.0,0.0
SSM,20090557.0,5.89999999862,2.95,2.89,2.95,0.0,0.0,0.0,0.0,0.0,0.0,0.0,0.0
SSM,20090558.0,5.89999999931,2.95,2.89,2.95,0.0,0.0,0.0,0.0,0.0,0.0,0.0,0.0
SSM,20090559.0,5.89999999966,2.95,2.89,2.95,0.0,0.0,0.0,0.0,0.0,0.0,0.0,0.0
SSM,20090560.0,5.89999999983,2.95,2.89,2.95,0.0,0.0,0.0,0.0,0.0,0.0,0.0,0.0
SSM,20090561.0,5.89999999991,2.95,2.89,2.95,0.0,0.0,0.0,0.0,0.0,0.0,0.0,0.0
SSM,20090562.0,5.89999999996,2.95,2.89,2.95,0.0,0.0,0.0,0.0,0.0,0.0,0.0,0.0
SSM,20090563.0,5.89999999998,2.95,2.89,2.95,0.0,0.0,0.0,0.0,0.0,0.0,0.0,0.0
SSM,20090564.0,5.89999999999,2.95,2.89,2.95,0.0,0.0,0.0,0.0,0.0,0.0,0.0,0.0
SSM,20090565.0,5.89999999999,2.95,2.89,2.95,0.0,0.0,0.0,0.0,0.0,0.0,0.0,0.0
SSM,20090566.0,5.9,2.95,2.89,2.95,0.0,0.0,0.0,0.0,0.0,0.0,0.0,0.0
SSM,20090567.0,5.9,2.95,2.89,2.95,0.0,0.0,0.0,0.0,0.0,0.0,0.0,0.0
SSM,20090568.0,5.9,2.95,2.89,2.95,0.0,0.0,0.0,0.0,0.0,0.0,0.0,0.0
SSM,20090569.0,5.9,2.95,2.89,2.95,0.0,0.0,0.0,0.0,0.0,0.0,0.0,0.0
SSM,20090570.0,5.9,2.95,2.89,2.95,0.0,0.0,0.0,0.0,0.0,0.0,0.0,0.0
SSM,20090571.0,5.9,2.95,2.89,2.95,0.0,0.0,0.0,0.0,0.0,0.0,0.0,0.0
SSM,20090572.0,5.9,2.95,2.89,2.95,0.0,0.0,0.0,0.0,0.0,0.0,0.0,0.0
SSM,20090573.0,5.9,2.95,2.89,2.95,0.0,0.0,0.0,0.0,0.0,0.0,0.0,0.0
SSM,20090574.0,5.9,2.95,2.89,2.95,0.0,0.0,0.0,0.0,0.0,0.0,0.0,0.0
SSM,20090575.0,5.9,2.95,2.89,2.95,0.0,0.0,0.0,0.0,0.0,0.0,0.0,0.0
SSM,20090576.0,5.9,2.95,2.89,2.95,0.0,0.0,0.0,0.0,0.0,0.0,0.0,0.0
SSM,20090577.0,5.9,2.95,2.89,2.95,0.0,0.0,0.0,0.0,0.0,0.0,0.0,0.0
SSM,20090578.0,5.9,2.95,2.89,2.95,0.0,0.0,0.0,0.0,0.0,0.0,0.0,0.0
SSM,20090579.0,5.9,2.95,2.89,2.95,0.0,0.0,0.0,0.0,0.0,0.0,0.0,0.0
SSM,20090580.0,5.9,2.95,2.89,2.95,0.0,0.0,0.0,0.0,0.0,0.0,0.0,0.0
SSM,20090581.0,5.9,2.95,2.89,2.95,0.0,0.0,0.0,0.0,0.0,0.0,0.0,0.0
SSM,20090582.0,5.9,2.95,2.89,2.95,0.0,0.0,0.0,0.0,0.0,0.0,0.0,0.0
SSM,20090583.0,5.9,2.95,2.89,2.95,0.0,0.0,0.0,0.0,0.0,0.0,0.0,0.0
SSM,20090584.0,5.9,2.95,2.89,2.95,0.0,0.0,0.0,0.0,0.0,0.0,0.0,0.0
SSM,20090585.0,5.9,2.95,2.89,2.95,0.0,0.0,0.0,0.0,0.0,0.0,0.0,0.0
SSM,20090586.0,5.9,2.95,2.89,2.95,0.0,0.0,0.0,0.0,0.0,0.0,0.0,0.0
SSM,20090587.0,5.9,2.95,2.89,2.95,0.0,0.0,0.0,0.0,0.0,0.0,0.0,0.0
SSM,20090588.0,5.9,2.95,2.89,2.95,0.0,0.0,0.0,0.0,0.0,0.0,0.0,0.0
SSM,20090589.0,5.9,2.95,2.89,2.95,0.0,0.0,0.0,0.0,0.0,0.0,0.0,0.0
SSM,20090590.0,5.9,2.95,2.89,2.95,0.0,0.0,0.0,0.0,0.0,0.0,0.0,0.0
SSM,20090591.0,5.9,2.95,2.89,2.95,0.0,0.0,0.0,0.0,0.0,0.0,0.0,0.0
SSM,20090592.0,5.9,2.95,2.89,2.95,0.0,0.0,0.0,0.0,0.0,0.0,0.0,0.0
SSM,20090593.0,5.9,2.95,2.89,2.95,0.0,0.0,0.0,0.0,0.0,0.0,0.0,0.0
SSM,20090594.0,5.9,2.95,2.89,2.95,0.0,0.0,0.0,0.0,0.0,0.0,0.0,0.0
SSM,20090595.0,5.9,2.95,2.89,2.95,0.0,0.0,0.0,0.0,0.0,0.0,0.0,0.0
SSM,20090596.0,5.9,2.95,2.89,2.95,0.0,0.0,0.0,0.0,0.0,0.0,0.0,0.0
SSM,20090597.0,5.9,2.95,2.89,2.95,0.0,0.0,0.0,0.0,0.0,0.0,0.0,0.0
SSM,20090598.0,5.9,2.95,2.89,2.95,0.0,0.0,0.0,0.0,0.0,0.0,0.0,0.0
SSM,20090599.0,5.9,2.95,2.89,2.95,0.0,0.0,0.0,0.0,0.0,0.0,0.0,0.0
SSM,20090600.0,5.9,2.95,2.89,2.95,0.0,0.0,0.0,0.0,0.0,0.0,0.0,0.0
SSM,20090601.0,5.9,5.9,5.78,5.9,0.0,0.0,0.0,0.0,0.0,0.0,0.0,0.0
SSM,20090602.0,6.24,6.27,5.53,5.93,0.0,0.0,0.0,0.0,0.0,0.0,0.0,0.0
SSM,20090603.0,6.04,6.07,5.73,5.78,0.0,0.0,0.0,0.0,0.0,0.0,0.0,0.0
SSM,20090604.0,5.94,6.03,5.78,5.94,0.0,0.0,0.0,0.0,0.0,0.0,0.0,0.0
SSM,20090605.0,6.25,6.25,6.16,6.25,0.0,0.0,0.0,0.0,0.0,0.0,0.0,0.0
SSM,20090606.0,6.47,3.345,3.28,3.345,0.0,0.0,0.0,0.0,0.0,0.0,0.0,0.0
SSM,20090607.0,6.58,3.345,3.28,3.345,0.0,0.0,0.0,0.0,0.0,0.0,0.0,0.0
SSM,20090608.0,6.69,6.69,6.56,6.69,0.0,0.0,0.0,0.0,0.0,0.0,0.0,0.0
SSM,20090609.0,7.1,7.1,6.28,6.38,0.0,0.0,0.0,0.0,0.0,0.0,0.0,0.0
SSM,20090610.0,6.35,6.35,6.29,6.28,0.0,0.0,0.0,0.0,0.0,0.0,0.0,0.0
SSM,20090611.0,5.84,6.25,5.84,6.13,0.0,0.0,0.0,0.0,0.0,0.0,0.0,0.0
SSM,20090612.0,5.97,6.26,5.75,5.75,0.0,0.0,0.0,0.0,0.0,0.0,0.0,0.0
SSM,20090613.0,5.795,2.81,2.78,2.78,0.0,0.0,0.0,0.0,0.0,0.0,0.0,0.0
SSM,20090614.0,5.7075,2.81,2.78,2.78,0.0,0.0,0.0,0.0,0.0,0.0,0.0,0.0
SSM,20090615.0,5.62,5.62,5.56,5.56,0.0,0.0,0.0,0.0,0.0,0.0,0.0,0.0
SSM,20090616.0,5.19,5.19,5.19,5.19,0.0,0.0,0.0,0.0,0.0,0.0,0.0,0.0
SSM,20090617.0,4.85,5.22,4.85,5.22,0.0,0.0,0.0,0.0,0.0,0.0,0.0,0.0
SSM,20090618.0,5.16,5.19,5.13,5.19,0.0,0.0,0.0,0.0,0.0,0.0,0.0,0.0
SSM,20090619.0,5.47,5.53,5.19,5.41,0.0,0.0,0.0,0.0,0.0,0.0,0.0,0.0
SSM,20090620.0,5.3,2.565,2.535,2.53,0.0,0.0,0.0,0.0,0.0,0.0,0.0,0.0
SSM,20090621.0,5.215,2.565,2.535,2.53,0.0,0.0,0.0,0.0,0.0,0.0,0.0,0.0
SSM,20090622.0,5.13,5.13,5.07,5.06,0.0,0.0,0.0,0.0,0.0,0.0,0.0,0.0
SSM,20090623.0,4.75,4.75,4.75,4.75,0.0,0.0,0.0,0.0,0.0,0.0,0.0,0.0
SSM,20090624.0,4.44,5.06,4.44,5.06,0.0,0.0,0.0,0.0,0.0,0.0,0.0,0.0
SSM,20090625.0,5.25,5.28,4.59,4.97,0.0,0.0,0.0,0.0,0.0,0.0,0.0,0.0
SSM,20090626.0,5.13,5.13,4.97,4.97,0.0,0.0,0.0,0.0,0.0,0.0,0.0,0.0
SSM,20090627.0,4.985,2.42,2.345,2.36,0.0,0.0,0.0,0.0,0.0,0.0,0.0,0.0
SSM,20090628.0,4.9125,2.42,2.345,2.36,0.0,0.0,0.0,0.0,0.0,0.0,0.0,0.0
SSM,20090629.0,4.84,4.84,4.69,4.72,0.0,0.0,0.0,0.0,0.0,0.0,0.0,0.0
SSM,20090630.0,4.63,4.63,4.41,4.41,0.0,0.0,0.0,0.0,0.0,0.0,0.0,0.0
SSM,20090631.0,4.41,2.11,2.08,2.095,0.0,0.0,0.0,0.0,0.0,0.0,0.0,0.0
SSM,20090632.0,4.3,2.11,2.08,2.095,0.0,0.0,0.0,0.0,0.0,0.0,0.0,0.0
SSM,20090633.0,4.245,2.11,2.08,2.095,0.0,0.0,0.0,0.0,0.0,0.0,0.0,0.0
SSM,20090634.0,4.2175,2.11,2.08,2.095,0.0,0.0,0.0,0.0,0.0,0.0,0.0,0.0
SSM,20090635.0,4.20375,2.11,2.08,2.095,0.0,0.0,0.0,0.0,0.0,0.0,0.0,0.0
SSM,20090636.0,4.196875,2.11,2.08,2.095,0.0,0.0,0.0,0.0,0.0,0.0,0.0,0.0
SSM,20090637.0,4.1934375,2.11,2.08,2.095,0.0,0.0,0.0,0.0,0.0,0.0,0.0,0.0
SSM,20090638.0,4.19171875,2.11,2.08,2.095,0.0,0.0,0.0,0.0,0.0,0.0,0.0,0.0
SSM,20090639.0,4.190859375,2.11,2.08,2.095,0.0,0.0,0.0,0.0,0.0,0.0,0.0,0.0
SSM,20090640.0,4.1904296875,2.11,2.08,2.095,0.0,0.0,0.0,0.0,0.0,0.0,0.0,0.0
SSM,20090641.0,4.19021484375,2.11,2.08,2.095,0.0,0.0,0.0,0.0,0.0,0.0,0.0,0.0
SSM,20090642.0,4.19010742188,2.11,2.08,2.095,0.0,0.0,0.0,0.0,0.0,0.0,0.0,0.0
SSM,20090643.0,4.19005371094,2.11,2.08,2.095,0.0,0.0,0.0,0.0,0.0,0.0,0.0,0.0
SSM,20090644.0,4.19002685547,2.11,2.08,2.095,0.0,0.0,0.0,0.0,0.0,0.0,0.0,0.0
SSM,20090645.0,4.19001342773,2.11,2.08,2.095,0.0,0.0,0.0,0.0,0.0,0.0,0.0,0.0
SSM,20090646.0,4.19000671387,2.11,2.08,2.095,0.0,0.0,0.0,0.0,0.0,0.0,0.0,0.0
SSM,20090647.0,4.19000335693,2.11,2.08,2.095,0.0,0.0,0.0,0.0,0.0,0.0,0.0,0.0
SSM,20090648.0,4.19000167847,2.11,2.08,2.095,0.0,0.0,0.0,0.0,0.0,0.0,0.0,0.0
SSM,20090649.0,4.19000083923,2.11,2.08,2.095,0.0,0.0,0.0,0.0,0.0,0.0,0.0,0.0
SSM,20090650.0,4.19000041962,2.11,2.08,2.095,0.0,0.0,0.0,0.0,0.0,0.0,0.0,0.0
SSM,20090651.0,4.19000020981,2.11,2.08,2.095,0.0,0.0,0.0,0.0,0.0,0.0,0.0,0.0
SSM,20090652.0,4.1900001049,2.11,2.08,2.095,0.0,0.0,0.0,0.0,0.0,0.0,0.0,0.0
SSM,20090653.0,4.19000005245,2.11,2.08,2.095,0.0,0.0,0.0,0.0,0.0,0.0,0.0,0.0
SSM,20090654.0,4.19000002623,2.11,2.08,2.095,0.0,0.0,0.0,0.0,0.0,0.0,0.0,0.0
SSM,20090655.0,4.19000001311,2.11,2.08,2.095,0.0,0.0,0.0,0.0,0.0,0.0,0.0,0.0
SSM,20090656.0,4.19000000656,2.11,2.08,2.095,0.0,0.0,0.0,0.0,0.0,0.0,0.0,0.0
SSM,20090657.0,4.19000000328,2.11,2.08,2.095,0.0,0.0,0.0,0.0,0.0,0.0,0.0,0.0
SSM,20090658.0,4.19000000164,2.11,2.08,2.095,0.0,0.0,0.0,0.0,0.0,0.0,0.0,0.0
SSM,20090659.0,4.19000000082,2.11,2.08,2.095,0.0,0.0,0.0,0.0,0.0,0.0,0.0,0.0
SSM,20090660.0,4.19000000041,2.11,2.08,2.095,0.0,0.0,0.0,0.0,0.0,0.0,0.0,0.0
SSM,20090661.0,4.1900000002,2.11,2.08,2.095,0.0,0.0,0.0,0.0,0.0,0.0,0.0,0.0
SSM,20090662.0,4.1900000001,2.11,2.08,2.095,0.0,0.0,0.0,0.0,0.0,0.0,0.0,0.0
SSM,20090663.0,4.19000000005,2.11,2.08,2.095,0.0,0.0,0.0,0.0,0.0,0.0,0.0,0.0
SSM,20090664.0,4.19000000003,2.11,2.08,2.095,0.0,0.0,0.0,0.0,0.0,0.0,0.0,0.0
SSM,20090665.0,4.19000000001,2.11,2.08,2.095,0.0,0.0,0.0,0.0,0.0,0.0,0.0,0.0
SSM,20090666.0,4.19000000001,2.11,2.08,2.095,0.0,0.0,0.0,0.0,0.0,0.0,0.0,0.0
SSM,20090667.0,4.19,2.11,2.08,2.095,0.0,0.0,0.0,0.0,0.0,0.0,0.0,0.0
SSM,20090668.0,4.19,2.11,2.08,2.095,0.0,0.0,0.0,0.0,0.0,0.0,0.0,0.0
SSM,20090669.0,4.19,2.11,2.08,2.095,0.0,0.0,0.0,0.0,0.0,0.0,0.0,0.0
SSM,20090670.0,4.19,2.11,2.08,2.095,0.0,0.0,0.0,0.0,0.0,0.0,0.0,0.0
SSM,20090671.0,4.19,2.11,2.08,2.095,0.0,0.0,0.0,0.0,0.0,0.0,0.0,0.0
SSM,20090672.0,4.19,2.11,2.08,2.095,0.0,0.0,0.0,0.0,0.0,0.0,0.0,0.0
SSM,20090673.0,4.19,2.11,2.08,2.095,0.0,0.0,0.0,0.0,0.0,0.0,0.0,0.0
SSM,20090674.0,4.19,2.11,2.08,2.095,0.0,0.0,0.0,0.0,0.0,0.0,0.0,0.0
SSM,20090675.0,4.19,2.11,2.08,2.095,0.0,0.0,0.0,0.0,0.0,0.0,0.0,0.0
SSM,20090676.0,4.19,2.11,2.08,2.095,0.0,0.0,0.0,0.0,0.0,0.0,0.0,0.0
SSM,20090677.0,4.19,2.11,2.08,2.095,0.0,0.0,0.0,0.0,0.0,0.0,0.0,0.0
SSM,20090678.0,4.19,2.11,2.08,2.095,0.0,0.0,0.0,0.0,0.0,0.0,0.0,0.0
SSM,20090679.0,4.19,2.11,2.08,2.095,0.0,0.0,0.0,0.0,0.0,0.0,0.0,0.0
SSM,20090680.0,4.19,2.11,2.08,2.095,0.0,0.0,0.0,0.0,0.0,0.0,0.0,0.0
SSM,20090681.0,4.19,2.11,2.08,2.095,0.0,0.0,0.0,0.0,0.0,0.0,0.0,0.0
SSM,20090682.0,4.19,2.11,2.08,2.095,0.0,0.0,0.0,0.0,0.0,0.0,0.0,0.0
SSM,20090683.0,4.19,2.11,2.08,2.095,0.0,0.0,0.0,0.0,0.0,0.0,0.0,0.0
SSM,20090684.0,4.19,2.11,2.08,2.095,0.0,0.0,0.0,0.0,0.0,0.0,0.0,0.0
SSM,20090685.0,4.19,2.11,2.08,2.095,0.0,0.0,0.0,0.0,0.0,0.0,0.0,0.0
SSM,20090686.0,4.19,2.11,2.08,2.095,0.0,0.0,0.0,0.0,0.0,0.0,0.0,0.0
SSM,20090687.0,4.19,2.11,2.08,2.095,0.0,0.0,0.0,0.0,0.0,0.0,0.0,0.0
SSM,20090688.0,4.19,2.11,2.08,2.095,0.0,0.0,0.0,0.0,0.0,0.0,0.0,0.0
SSM,20090689.0,4.19,2.11,2.08,2.095,0.0,0.0,0.0,0.0,0.0,0.0,0.0,0.0
SSM,20090690.0,4.19,2.11,2.08,2.095,0.0,0.0,0.0,0.0,0.0,0.0,0.0,0.0
SSM,20090691.0,4.19,2.11,2.08,2.095,0.0,0.0,0.0,0.0,0.0,0.0,0.0,0.0
SSM,20090692.0,4.19,2.11,2.08,2.095,0.0,0.0,0.0,0.0,0.0,0.0,0.0,0.0
SSM,20090693.0,4.19,2.11,2.08,2.095,0.0,0.0,0.0,0.0,0.0,0.0,0.0,0.0
SSM,20090694.0,4.19,2.11,2.08,2.095,0.0,0.0,0.0,0.0,0.0,0.0,0.0,0.0
SSM,20090695.0,4.19,2.11,2.08,2.095,0.0,0.0,0.0,0.0,0.0,0.0,0.0,0.0
SSM,20090696.0,4.19,2.11,2.08,2.095,0.0,0.0,0.0,0.0,0.0,0.0,0.0,0.0
SSM,20090697.0,4.19,2.11,2.08,2.095,0.0,0.0,0.0,0.0,0.0,0.0,0.0,0.0
SSM,20090698.0,4.19,2.11,2.08,2.095,0.0,0.0,0.0,0.0,0.0,0.0,0.0,0.0
SSM,20090699.0,4.19,2.11,2.08,2.095,0.0,0.0,0.0,0.0,0.0,0.0,0.0,0.0
SSM,20090700.0,4.19,2.11,2.08,2.095,0.0,0.0,0.0,0.0,0.0,0.0,0.0,0.0
SSM,20090701.0,4.19,4.22,4.16,4.19,0.0,0.0,0.0,0.0,0.0,0.0,0.0,0.0
SSM,20090702.0,4.22,4.38,4.22,4.34,0.0,0.0,0.0,0.0,0.0,0.0,0.0,0.0
SSM,20090703.0,4.31,4.56,4.31,4.56,0.0,0.0,0.0,0.0,0.0,0.0,0.0,0.0
SSM,20090704.0,4.48,2.34,2.22,2.345,0.0,0.0,0.0,0.0,0.0,0.0,0.0,0.0
SSM,20090705.0,4.565,2.34,2.22,2.345,0.0,0.0,0.0,0.0,0.0,0.0,0.0,0.0
SSM,20090706.0,4.65,4.68,4.44,4.69,0.0,0.0,0.0,0.0,0.0,0.0,0.0,0.0
SSM,20090707.0,4.75,4.75,4.66,4.66,0.0,0.0,0.0,0.0,0.0,0.0,0.0,0.0
SSM,20090708.0,4.44,4.69,4.44,4.56,0.0,0.0,0.0,0.0,0.0,0.0,0.0,0.0
SSM,20090709.0,4.68,4.68,4.56,4.56,0.0,0.0,0.0,0.0,0.0,0.0,0.0,0.0
SSM,20090710.0,4.62,4.62,4.4,4.5,0.0,0.0,0.0,0.0,0.0,0.0,0.0,0.0
SSM,20090711.0,4.715,2.405,2.11,2.11,0.0,0.0,0.0,0.0,0.0,0.0,0.0,0.0
SSM,20090712.0,4.7625,2.405,2.11,2.11,0.0,0.0,0.0,0.0,0.0,0.0,0.0,0.0
SSM,20090713.0,4.81,4.81,4.22,4.22,0.0,0.0,0.0,0.0,0.0,0.0,0.0,0.0
SSM,20090714.0,4.53,4.53,4.28,4.38,0.0,0.0,0.0,0.0,0.0,0.0,0.0,0.0
SSM,20090715.0,4.57,4.57,4.38,4.38,0.0,0.0,0.0,0.0,0.0,0.0,0.0,0.0
SSM,20090716.0,4.82,4.82,4.82,4.81,0.0,0.0,0.0,0.0,0.0,0.0,0.0,0.0
SSM,20090717.0,5.12,5.12,5.12,5.13,0.0,0.0,0.0,0.0,0.0,0.0,0.0,0.0
SSM,20090718.0,5.295,2.735,2.5,2.55,0.0,0.0,0.0,0.0,0.0,0.0,0.0,0.0
SSM,20090719.0,5.3825,2.735,2.5,2.55,0.0,0.0,0.0,0.0,0.0,0.0,0.0,0.0
SSM,20090720.0,5.47,5.47,5.0,5.1,0.0,0.0,0.0,0.0,0.0,0.0,0.0,0.0
SSM,20090721.0,5.32,5.32,5.13,5.13,0.0,0.0,0.0,0.0,0.0,0.0,0.0,0.0
SSM,20090722.0,5.16,5.29,4.91,5.03,0.0,0.0,0.0,0.0,0.0,0.0,0.0,0.0
SSM,20090723.0,5.03,5.34,4.97,5.35,0.0,0.0,0.0,0.0,0.0,0.0,0.0,0.0
SSM,20090724.0,5.48,5.54,5.44,5.53,0.0,0.0,0.0,0.0,0.0,0.0,0.0,0.0
SSM,20090725.0,5.63,2.95,2.81,2.83,0.0,0.0,0.0,0.0,0.0,0.0,0.0,0.0
SSM,20090726.0,5.705,2.95,2.81,2.83,0.0,0.0,0.0,0.0,0.0,0.0,0.0,0.0
SSM,20090727.0,5.78,5.9,5.62,5.66,0.0,0.0,0.0,0.0,0.0,0.0,0.0,0.0
SSM,20090728.0,5.79,6.13,5.5,5.56,0.0,0.0,0.0,0.0,0.0,0.0,0.0,0.0
SSM,20090729.0,5.62,5.62,5.34,5.47,0.0,0.0,0.0,0.0,0.0,0.0,0.0,0.0
SSM,20090730.0,5.31,5.38,5.13,5.31,0.0,0.0,0.0,0.0,0.0,0.0,0.0,0.0
SSM,20090731.0,5.56,5.56,5.28,5.53,0.0,0.0,0.0,0.0,0.0,0.0,0.0,0.0
SSM,20090732.0,5.59,2.81,2.705,2.78,0.0,0.0,0.0,0.0,0.0,0.0,0.0,0.0
SSM,20090733.0,5.605,2.81,2.705,2.78,0.0,0.0,0.0,0.0,0.0,0.0,0.0,0.0
SSM,20090734.0,5.6125,2.81,2.705,2.78,0.0,0.0,0.0,0.0,0.0,0.0,0.0,0.0
SSM,20090735.0,5.61625,2.81,2.705,2.78,0.0,0.0,0.0,0.0,0.0,0.0,0.0,0.0
SSM,20090736.0,5.618125,2.81,2.705,2.78,0.0,0.0,0.0,0.0,0.0,0.0,0.0,0.0
SSM,20090737.0,5.6190625,2.81,2.705,2.78,0.0,0.0,0.0,0.0,0.0,0.0,0.0,0.0
SSM,20090738.0,5.61953125,2.81,2.705,2.78,0.0,0.0,0.0,0.0,0.0,0.0,0.0,0.0
SSM,20090739.0,5.619765625,2.81,2.705,2.78,0.0,0.0,0.0,0.0,0.0,0.0,0.0,0.0
SSM,20090740.0,5.6198828125,2.81,2.705,2.78,0.0,0.0,0.0,0.0,0.0,0.0,0.0,0.0
SSM,20090741.0,5.61994140625,2.81,2.705,2.78,0.0,0.0,0.0,0.0,0.0,0.0,0.0,0.0
SSM,20090742.0,5.61997070313,2.81,2.705,2.78,0.0,0.0,0.0,0.0,0.0,0.0,0.0,0.0
SSM,20090743.0,5.61998535156,2.81,2.705,2.78,0.0,0.0,0.0,0.0,0.0,0.0,0.0,0.0
SSM,20090744.0,5.61999267578,2.81,2.705,2.78,0.0,0.0,0.0,0.0,0.0,0.0,0.0,0.0
SSM,20090745.0,5.61999633789,2.81,2.705,2.78,0.0,0.0,0.0,0.0,0.0,0.0,0.0,0.0
SSM,20090746.0,5.61999816895,2.81,2.705,2.78,0.0,0.0,0.0,0.0,0.0,0.0,0.0,0.0
SSM,20090747.0,5.61999908447,2.81,2.705,2.78,0.0,0.0,0.0,0.0,0.0,0.0,0.0,0.0
SSM,20090748.0,5.61999954224,2.81,2.705,2.78,0.0,0.0,0.0,0.0,0.0,0.0,0.0,0.0
SSM,20090749.0,5.61999977112,2.81,2.705,2.78,0.0,0.0,0.0,0.0,0.0,0.0,0.0,0.0
SSM,20090750.0,5.61999988556,2.81,2.705,2.78,0.0,0.0,0.0,0.0,0.0,0.0,0.0,0.0
SSM,20090751.0,5.61999994278,2.81,2.705,2.78,0.0,0.0,0.0,0.0,0.0,0.0,0.0,0.0
SSM,20090752.0,5.61999997139,2.81,2.705,2.78,0.0,0.0,0.0,0.0,0.0,0.0,0.0,0.0
SSM,20090753.0,5.61999998569,2.81,2.705,2.78,0.0,0.0,0.0,0.0,0.0,0.0,0.0,0.0
SSM,20090754.0,5.61999999285,2.81,2.705,2.78,0.0,0.0,0.0,0.0,0.0,0.0,0.0,0.0
SSM,20090755.0,5.61999999642,2.81,2.705,2.78,0.0,0.0,0.0,0.0,0.0,0.0,0.0,0.0
SSM,20090756.0,5.61999999821,2.81,2.705,2.78,0.0,0.0,0.0,0.0,0.0,0.0,0.0,0.0
SSM,20090757.0,5.61999999911,2.81,2.705,2.78,0.0,0.0,0.0,0.0,0.0,0.0,0.0,0.0
SSM,20090758.0,5.61999999955,2.81,2.705,2.78,0.0,0.0,0.0,0.0,0.0,0.0,0.0,0.0
SSM,20090759.0,5.61999999978,2.81,2.705,2.78,0.0,0.0,0.0,0.0,0.0,0.0,0.0,0.0
SSM,20090760.0,5.61999999989,2.81,2.705,2.78,0.0,0.0,0.0,0.0,0.0,0.0,0.0,0.0
SSM,20090761.0,5.61999999994,2.81,2.705,2.78,0.0,0.0,0.0,0.0,0.0,0.0,0.0,0.0
SSM,20090762.0,5.61999999997,2.81,2.705,2.78,0.0,0.0,0.0,0.0,0.0,0.0,0.0,0.0
SSM,20090763.0,5.61999999999,2.81,2.705,2.78,0.0,0.0,0.0,0.0,0.0,0.0,0.0,0.0
SSM,20090764.0,5.61999999999,2.81,2.705,2.78,0.0,0.0,0.0,0.0,0.0,0.0,0.0,0.0
SSM,20090765.0,5.62,2.81,2.705,2.78,0.0,0.0,0.0,0.0,0.0,0.0,0.0,0.0
SSM,20090766.0,5.62,2.81,2.705,2.78,0.0,0.0,0.0,0.0,0.0,0.0,0.0,0.0
SSM,20090767.0,5.62,2.81,2.705,2.78,0.0,0.0,0.0,0.0,0.0,0.0,0.0,0.0
SSM,20090768.0,5.62,2.81,2.705,2.78,0.0,0.0,0.0,0.0,0.0,0.0,0.0,0.0
SSM,20090769.0,5.62,2.81,2.705,2.78,0.0,0.0,0.0,0.0,0.0,0.0,0.0,0.0
SSM,20090770.0,5.62,2.81,2.705,2.78,0.0,0.0,0.0,0.0,0.0,0.0,0.0,0.0
SSM,20090771.0,5.62,2.81,2.705,2.78,0.0,0.0,0.0,0.0,0.0,0.0,0.0,0.0
SSM,20090772.0,5.62,2.81,2.705,2.78,0.0,0.0,0.0,0.0,0.0,0.0,0.0,0.0
SSM,20090773.0,5.62,2.81,2.705,2.78,0.0,0.0,0.0,0.0,0.0,0.0,0.0,0.0
SSM,20090774.0,5.62,2.81,2.705,2.78,0.0,0.0,0.0,0.0,0.0,0.0,0.0,0.0
SSM,20090775.0,5.62,2.81,2.705,2.78,0.0,0.0,0.0,0.0,0.0,0.0,0.0,0.0
SSM,20090776.0,5.62,2.81,2.705,2.78,0.0,0.0,0.0,0.0,0.0,0.0,0.0,0.0
SSM,20090777.0,5.62,2.81,2.705,2.78,0.0,0.0,0.0,0.0,0.0,0.0,0.0,0.0
SSM,20090778.0,5.62,2.81,2.705,2.78,0.0,0.0,0.0,0.0,0.0,0.0,0.0,0.0
SSM,20090779.0,5.62,2.81,2.705,2.78,0.0,0.0,0.0,0.0,0.0,0.0,0.0,0.0
SSM,20090780.0,5.62,2.81,2.705,2.78,0.0,0.0,0.0,0.0,0.0,0.0,0.0,0.0
SSM,20090781.0,5.62,2.81,2.705,2.78,0.0,0.0,0.0,0.0,0.0,0.0,0.0,0.0
SSM,20090782.0,5.62,2.81,2.705,2.78,0.0,0.0,0.0,0.0,0.0,0.0,0.0,0.0
SSM,20090783.0,5.62,2.81,2.705,2.78,0.0,0.0,0.0,0.0,0.0,0.0,0.0,0.0
SSM,20090784.0,5.62,2.81,2.705,2.78,0.0,0.0,0.0,0.0,0.0,0.0,0.0,0.0
SSM,20090785.0,5.62,2.81,2.705,2.78,0.0,0.0,0.0,0.0,0.0,0.0,0.0,0.0
SSM,20090786.0,5.62,2.81,2.705,2.78,0.0,0.0,0.0,0.0,0.0,0.0,0.0,0.0
SSM,20090787.0,5.62,2.81,2.705,2.78,0.0,0.0,0.0,0.0,0.0,0.0,0.0,0.0
SSM,20090788.0,5.62,2.81,2.705,2.78,0.0,0.0,0.0,0.0,0.0,0.0,0.0,0.0
SSM,20090789.0,5.62,2.81,2.705,2.78,0.0,0.0,0.0,0.0,0.0,0.0,0.0,0.0
SSM,20090790.0,5.62,2.81,2.705,2.78,0.0,0.0,0.0,0.0,0.0,0.0,0.0,0.0
SSM,20090791.0,5.62,2.81,2.705,2.78,0.0,0.0,0.0,0.0,0.0,0.0,0.0,0.0
SSM,20090792.0,5.62,2.81,2.705,2.78,0.0,0.0,0.0,0.0,0.0,0.0,0.0,0.0
SSM,20090793.0,5.62,2.81,2.705,2.78,0.0,0.0,0.0,0.0,0.0,0.0,0.0,0.0
SSM,20090794.0,5.62,2.81,2.705,2.78,0.0,0.0,0.0,0.0,0.0,0.0,0.0,0.0
SSM,20090795.0,5.62,2.81,2.705,2.78,0.0,0.0,0.0,0.0,0.0,0.0,0.0,0.0
SSM,20090796.0,5.62,2.81,2.705,2.78,0.0,0.0,0.0,0.0,0.0,0.0,0.0,0.0
SSM,20090797.0,5.62,2.81,2.705,2.78,0.0,0.0,0.0,0.0,0.0,0.0,0.0,0.0
SSM,20090798.0,5.62,2.81,2.705,2.78,0.0,0.0,0.0,0.0,0.0,0.0,0.0,0.0
SSM,20090799.0,5.62,2.81,2.705,2.78,0.0,0.0,0.0,0.0,0.0,0.0,0.0,0.0
SSM,20090800.0,5.62,2.81,2.705,2.78,0.0,0.0,0.0,0.0,0.0,0.0,0.0,0.0
SSM,20090801.0,5.62,2.81,2.705,2.78,0.0,0.0,0.0,0.0,0.0,0.0,0.0,0.0
SSM,20090802.0,5.62,2.81,2.705,2.78,0.0,0.0,0.0,0.0,0.0,0.0,0.0,0.0
SSM,20090803.0,5.62,5.62,5.41,5.56,0.0,0.0,0.0,0.0,0.0,0.0,0.0,0.0
SSM,20090804.0,5.59,5.62,5.47,5.56,0.0,0.0,0.0,0.0,0.0,0.0,0.0,0.0
SSM,20090805.0,5.78,5.78,5.47,5.56,0.0,0.0,0.0,0.0,0.0,0.0,0.0,0.0
SSM,20090806.0,5.62,5.68,5.34,5.53,0.0,0.0,0.0,0.0,0.0,0.0,0.0,0.0
SSM,20090807.0,5.62,5.62,5.53,5.53,0.0,0.0,0.0,0.0,0.0,0.0,0.0,0.0
SSM,20090808.0,5.655,2.97,2.81,2.97,0.0,0.0,0.0,0.0,0.0,0.0,0.0,0.0
SSM,20090809.0,5.6725,2.97,2.81,2.97,0.0,0.0,0.0,0.0,0.0,0.0,0.0,0.0
SSM,20090810.0,5.69,5.94,5.62,5.94,0.0,0.0,0.0,0.0,0.0,0.0,0.0,0.0
SSM,20090811.0,6.22,6.28,6.03,6.28,0.0,0.0,0.0,0.0,0.0,0.0,0.0,0.0
SSM,20090812.0,6.56,6.69,6.56,6.69,0.0,0.0,0.0,0.0,0.0,0.0,0.0,0.0
SSM,20090813.0,7.13,7.13,7.13,7.13,0.0,0.0,0.0,0.0,0.0,0.0,0.0,0.0
SSM,20090814.0,7.6,7.6,6.66,6.81,0.0,0.0,0.0,0.0,0.0,0.0,0.0,0.0
SSM,20090815.0,7.065,3.375,3.25,3.25,0.0,0.0,0.0,0.0,0.0,0.0,0.0,0.0
SSM,20090816.0,6.7975,3.375,3.25,3.25,0.0,0.0,0.0,0.0,0.0,0.0,0.0,0.0
SSM,20090817.0,6.53,6.75,6.5,6.5,0.0,0.0,0.0,0.0,0.0,0.0,0.0,0.0
SSM,20090818.0,6.44,6.97,6.25,6.97,0.0,0.0,0.0,0.0,0.0,0.0,0.0,0.0
SSM,20090819.0,7.38,7.38,7.38,7.38,0.0,0.0,0.0,0.0,0.0,0.0,0.0,0.0
SSM,20090820.0,7.88,7.88,7.76,7.88,0.0,0.0,0.0,0.0,0.0,0.0,0.0,0.0
SSM,20090821.0,8.41,8.41,8.29,8.41,0.0,0.0,0.0,0.0,0.0,0.0,0.0,0.0
SSM,20090822.0,8.455,4.285,3.955,4.235,0.0,0.0,0.0,0.0,0.0,0.0,0.0,0.0
SSM,20090823.0,8.4775,4.285,3.955,4.235,0.0,0.0,0.0,0.0,0.0,0.0,0.0,0.0
SSM,20090824.0,8.5,8.57,7.91,8.47,0.0,0.0,0.0,0.0,0.0,0.0,0.0,0.0
SSM,20090825.0,8.38,8.94,8.31,8.94,0.0,0.0,0.0,0.0,0.0,0.0,0.0,0.0
SSM,20090826.0,9.38,9.47,9.03,9.47,0.0,0.0,0.0,0.0,0.0,0.0,0.0,0.0
SSM,20090827.0,9.97,9.97,9.69,9.97,0.0,0.0,0.0,0.0,0.0,0.0,0.0,0.0
SSM,20090828.0,10.63,10.63,10.6,10.63,0.0,0.0,0.0,0.0,0.0,0.0,0.0,0.0
SSM,20090829.0,10.96,5.675,5.315,5.675,0.0,0.0,0.0,0.0,0.0,0.0,0.0,0.0
SSM,20090830.0,11.125,5.675,5.315,5.675,0.0,0.0,0.0,0.0,0.0,0.0,0.0,0.0
SSM,20090831.0,11.29,11.35,10.63,11.35,0.0,0.0,0.0,0.0,0.0,0.0,0.0,0.0
SSM,20090832.0,11.43,5.94,5.455,5.485,0.0,0.0,0.0,0.0,0.0,0.0,0.0,0.0
SSM,20090833.0,11.5,5.94,5.455,5.485,0.0,0.0,0.0,0.0,0.0,0.0,0.0,0.0
SSM,20090834.0,11.535,5.94,5.455,5.485,0.0,0.0,0.0,0.0,0.0,0.0,0.0,0.0
SSM,20090835.0,11.5525,5.94,5.455,5.485,0.0,0.0,0.0,0.0,0.0,0.0,0.0,0.0
SSM,20090836.0,11.56125,5.94,5.455,5.485,0.0,0.0,0.0,0.0,0.0,0.0,0.0,0.0
SSM,20090837.0,11.565625,5.94,5.455,5.485,0.0,0.0,0.0,0.0,0.0,0.0,0.0,0.0
SSM,20090838.0,11.5678125,5.94,5.455,5.485,0.0,0.0,0.0,0.0,0.0,0.0,0.0,0.0
SSM,20090839.0,11.56890625,5.94,5.455,5.485,0.0,0.0,0.0,0.0,0.0,0.0,0.0,0.0
SSM,20090840.0,11.569453125,5.94,5.455,5.485,0.0,0.0,0.0,0.0,0.0,0.0,0.0,0.0
SSM,20090841.0,11.5697265625,5.94,5.455,5.485,0.0,0.0,0.0,0.0,0.0,0.0,0.0,0.0
SSM,20090842.0,11.5698632813,5.94,5.455,5.485,0.0,0.0,0.0,0.0,0.0,0.0,0.0,0.0
SSM,20090843.0,11.5699316406,5.94,5.455,5.485,0.0,0.0,0.0,0.0,0.0,0.0,0.0,0.0
SSM,20090844.0,11.5699658203,5.94,5.455,5.485,0.0,0.0,0.0,0.0,0.0,0.0,0.0,0.0
SSM,20090845.0,11.5699829102,5.94,5.455,5.485,0.0,0.0,0.0,0.0,0.0,0.0,0.0,0.0
SSM,20090846.0,11.5699914551,5.94,5.455,5.485,0.0,0.0,0.0,0.0,0.0,0.0,0.0,0.0
SSM,20090847.0,11.5699957275,5.94,5.455,5.485,0.0,0.0,0.0,0.0,0.0,0.0,0.0,0.0
SSM,20090848.0,11.5699978638,5.94,5.455,5.485,0.0,0.0,0.0,0.0,0.0,0.0,0.0,0.0
SSM,20090849.0,11.5699989319,5.94,5.455,5.485,0.0,0.0,0.0,0.0,0.0,0.0,0.0,0.0
SSM,20090850.0,11.5699994659,5.94,5.455,5.485,0.0,0.0,0.0,0.0,0.0,0.0,0.0,0.0
SSM,20090851.0,11.569999733,5.94,5.455,5.485,0.0,0.0,0.0,0.0,0.0,0.0,0.0,0.0
SSM,20090852.0,11.5699998665,5.94,5.455,5.485,0.0,0.0,0.0,0.0,0.0,0.0,0.0,0.0
SSM,20090853.0,11.5699999332,5.94,5.455,5.485,0.0,0.0,0.0,0.0,0.0,0.0,0.0,0.0
SSM,20090854.0,11.5699999666,5.94,5.455,5.485,0.0,0.0,0.0,0.0,0.0,0.0,0.0,0.0
SSM,20090855.0,11.5699999833,5.94,5.455,5.485,0.0,0.0,0.0,0.0,0.0,0.0,0.0,0.0
SSM,20090856.0,11.5699999917,5.94,5.455,5.485,0.0,0.0,0.0,0.0,0.0,0.0,0.0,0.0
SSM,20090857.0,11.5699999958,5.94,5.455,5.485,0.0,0.0,0.0,0.0,0.0,0.0,0.0,0.0
SSM,20090858.0,11.5699999979,5.94,5.455,5.485,0.0,0.0,0.0,0.0,0.0,0.0,0.0,0.0
SSM,20090859.0,11.569999999,5.94,5.455,5.485,0.0,0.0,0.0,0.0,0.0,0.0,0.0,0.0
SSM,20090860.0,11.5699999995,5.94,5.455,5.485,0.0,0.0,0.0,0.0,0.0,0.0,0.0,0.0
SSM,20090861.0,11.5699999997,5.94,5.455,5.485,0.0,0.0,0.0,0.0,0.0,0.0,0.0,0.0
SSM,20090862.0,11.5699999999,5.94,5.455,5.485,0.0,0.0,0.0,0.0,0.0,0.0,0.0,0.0
SSM,20090863.0,11.5699999999,5.94,5.455,5.485,0.0,0.0,0.0,0.0,0.0,0.0,0.0,0.0
SSM,20090864.0,11.57,5.94,5.455,5.485,0.0,0.0,0.0,0.0,0.0,0.0,0.0,0.0
SSM,20090865.0,11.57,5.94,5.455,5.485,0.0,0.0,0.0,0.0,0.0,0.0,0.0,0.0
SSM,20090866.0,11.57,5.94,5.455,5.485,0.0,0.0,0.0,0.0,0.0,0.0,0.0,0.0
SSM,20090867.0,11.57,5.94,5.455,5.485,0.0,0.0,0.0,0.0,0.0,0.0,0.0,0.0
SSM,20090868.0,11.57,5.94,5.455,5.485,0.0,0.0,0.0,0.0,0.0,0.0,0.0,0.0
SSM,20090869.0,11.57,5.94,5.455,5.485,0.0,0.0,0.0,0.0,0.0,0.0,0.0,0.0
SSM,20090870.0,11.57,5.94,5.455,5.485,0.0,0.0,0.0,0.0,0.0,0.0,0.0,0.0
SSM,20090871.0,11.57,5.94,5.455,5.485,0.0,0.0,0.0,0.0,0.0,0.0,0.0,0.0
SSM,20090872.0,11.57,5.94,5.455,5.485,0.0,0.0,0.0,0.0,0.0,0.0,0.0,0.0
SSM,20090873.0,11.57,5.94,5.455,5.485,0.0,0.0,0.0,0.0,0.0,0.0,0.0,0.0
SSM,20090874.0,11.57,5.94,5.455,5.485,0.0,0.0,0.0,0.0,0.0,0.0,0.0,0.0
SSM,20090875.0,11.57,5.94,5.455,5.485,0.0,0.0,0.0,0.0,0.0,0.0,0.0,0.0
SSM,20090876.0,11.57,5.94,5.455,5.485,0.0,0.0,0.0,0.0,0.0,0.0,0.0,0.0
SSM,20090877.0,11.57,5.94,5.455,5.485,0.0,0.0,0.0,0.0,0.0,0.0,0.0,0.0
SSM,20090878.0,11.57,5.94,5.455,5.485,0.0,0.0,0.0,0.0,0.0,0.0,0.0,0.0
SSM,20090879.0,11.57,5.94,5.455,5.485,0.0,0.0,0.0,0.0,0.0,0.0,0.0,0.0
SSM,20090880.0,11.57,5.94,5.455,5.485,0.0,0.0,0.0,0.0,0.0,0.0,0.0,0.0
SSM,20090881.0,11.57,5.94,5.455,5.485,0.0,0.0,0.0,0.0,0.0,0.0,0.0,0.0
SSM,20090882.0,11.57,5.94,5.455,5.485,0.0,0.0,0.0,0.0,0.0,0.0,0.0,0.0
SSM,20090883.0,11.57,5.94,5.455,5.485,0.0,0.0,0.0,0.0,0.0,0.0,0.0,0.0
SSM,20090884.0,11.57,5.94,5.455,5.485,0.0,0.0,0.0,0.0,0.0,0.0,0.0,0.0
SSM,20090885.0,11.57,5.94,5.455,5.485,0.0,0.0,0.0,0.0,0.0,0.0,0.0,0.0
SSM,20090886.0,11.57,5.94,5.455,5.485,0.0,0.0,0.0,0.0,0.0,0.0,0.0,0.0
SSM,20090887.0,11.57,5.94,5.455,5.485,0.0,0.0,0.0,0.0,0.0,0.0,0.0,0.0
SSM,20090888.0,11.57,5.94,5.455,5.485,0.0,0.0,0.0,0.0,0.0,0.0,0.0,0.0
SSM,20090889.0,11.57,5.94,5.455,5.485,0.0,0.0,0.0,0.0,0.0,0.0,0.0,0.0
SSM,20090890.0,11.57,5.94,5.455,5.485,0.0,0.0,0.0,0.0,0.0,0.0,0.0,0.0
SSM,20090891.0,11.57,5.94,5.455,5.485,0.0,0.0,0.0,0.0,0.0,0.0,0.0,0.0
SSM,20090892.0,11.57,5.94,5.455,5.485,0.0,0.0,0.0,0.0,0.0,0.0,0.0,0.0
SSM,20090893.0,11.57,5.94,5.455,5.485,0.0,0.0,0.0,0.0,0.0,0.0,0.0,0.0
SSM,20090894.0,11.57,5.94,5.455,5.485,0.0,0.0,0.0,0.0,0.0,0.0,0.0,0.0
SSM,20090895.0,11.57,5.94,5.455,5.485,0.0,0.0,0.0,0.0,0.0,0.0,0.0,0.0
SSM,20090896.0,11.57,5.94,5.455,5.485,0.0,0.0,0.0,0.0,0.0,0.0,0.0,0.0
SSM,20090897.0,11.57,5.94,5.455,5.485,0.0,0.0,0.0,0.0,0.0,0.0,0.0,0.0
SSM,20090898.0,11.57,5.94,5.455,5.485,0.0,0.0,0.0,0.0,0.0,0.0,0.0,0.0
SSM,20090899.0,11.57,5.94,5.455,5.485,0.0,0.0,0.0,0.0,0.0,0.0,0.0,0.0
SSM,20090900.0,11.57,5.94,5.455,5.485,0.0,0.0,0.0,0.0,0.0,0.0,0.0,0.0
SSM,20090901.0,11.57,11.88,10.91,10.97,0.0,0.0,0.0,0.0,0.0,0.0,0.0,0.0
SSM,20090902.0,10.955,5.295,5.17,5.175,0.0,0.0,0.0,0.0,0.0,0.0,0.0,0.0
SSM,20090903.0,10.34,10.59,10.34,10.35,0.0,0.0,0.0,0.0,0.0,0.0,0.0,0.0
SSM,20090904.0,9.66,10.26,9.66,9.75,0.0,0.0,0.0,0.0,0.0,0.0,0.0,0.0
SSM,20090905.0,9.735,5.235,4.61,5.235,0.0,0.0,0.0,0.0,0.0,0.0,0.0,0.0
SSM,20090906.0,9.7725,5.235,4.61,5.235,0.0,0.0,0.0,0.0,0.0,0.0,0.0,0.0
SSM,20090907.0,9.81,10.47,9.22,10.47,0.0,0.0,0.0,0.0,0.0,0.0,0.0,0.0
SSM,20090908.0,10.75,10.78,10.75,10.78,0.0,0.0,0.0,0.0,0.0,0.0,0.0,0.0
SSM,20090909.0,11.53,11.53,10.94,11.16,0.0,0.0,0.0,0.0,0.0,0.0,0.0,0.0
SSM,20090910.0,11.35,12.13,11.07,11.25,0.0,0.0,0.0,0.0,0.0,0.0,0.0,0.0
SSM,20090911.0,11.25,11.72,11.25,11.44,0.0,0.0,0.0,0.0,0.0,0.0,0.0,0.0
SSM,20090912.0,11.345,5.72,5.39,5.55,0.0,0.0,0.0,0.0,0.0,0.0,0.0,0.0
SSM,20090913.0,11.3925,5.72,5.39,5.55,0.0,0.0,0.0,0.0,0.0,0.0,0.0,0.0
SSM,20090914.0,11.44,11.44,10.78,11.1,0.0,0.0,0.0,0.0,0.0,0.0,0.0,0.0
SSM,20090915.0,10.94,10.94,10.41,10.63,0.0,0.0,0.0,0.0,0.0,0.0,0.0,0.0
SSM,20090916.0,10.47,10.94,10.16,10.75,0.0,0.0,0.0,0.0,0.0,0.0,0.0,0.0
SSM,20090917.0,10.94,10.94,10.16,10.63,0.0,0.0,0.0,0.0,0.0,0.0,0.0,0.0
SSM,20090918.0,11.1,11.1,10.04,10.66,0.0,0.0,0.0,0.0,0.0,0.0,0.0,0.0
SSM,20090919.0,10.91,5.36,5.25,5.285,0.0,0.0,0.0,0.0,0.0,0.0,0.0,0.0
SSM,20090920.0,10.815,5.36,5.25,5.285,0.0,0.0,0.0,0.0,0.0,0.0,0.0,0.0
SSM,20090921.0,10.72,10.72,10.5,10.57,0.0,0.0,0.0,0.0,0.0,0.0,0.0,0.0
SSM,20090922.0,10.48,10.63,10.44,10.47,0.0,0.0,0.0,0.0,0.0,0.0,0.0,0.0
SSM,20090923.0,10.63,10.78,10.19,10.19,0.0,0.0,0.0,0.0,0.0,0.0,0.0,0.0
SSM,20090924.0,10.19,10.19,9.91,10.0,0.0,0.0,0.0,0.0,0.0,0.0,0.0,0.0
SSM,20090925.0,10.0,10.69,9.62,10.69,0.0,0.0,0.0,0.0,0.0,0.0,0.0,0.0
SSM,20090926.0,10.58,5.58,5.205,5.33,0.0,0.0,0.0,0.0,0.0,0.0,0.0,0.0
SSM,20090927.0,10.87,5.58,5.205,5.33,0.0,0.0,0.0,0.0,0.0,0.0,0.0,0.0
SSM,20090928.0,11.16,11.16,10.41,10.66,0.0,0.0,0.0,0.0,0.0,0.0,0.0,0.0
SSM,20090929.0,10.91,10.91,10.57,10.75,0.0,0.0,0.0,0.0,0.0,0.0,0.0,0.0
SSM,20090930.0,11.09,11.38,10.94,11.38,0.0,0.0,0.0,0.0,0.0,0.0,0.0,0.0
SSM,20090931.0,11.565,6.065,5.94,6.065,0.0,0.0,0.0,0.0,0.0,0.0,0.0,0.0
SSM,20090932.0,11.8025,6.065,5.94,6.065,0.0,0.0,0.0,0.0,0.0,0.0,0.0,0.0
SSM,20090933.0,11.92125,6.065,5.94,6.065,0.0,0.0,0.0,0.0,0.0,0.0,0.0,0.0
SSM,20090934.0,11.980625,6.065,5.94,6.065,0.0,0.0,0.0,0.0,0.0,0.0,0.0,0.0
SSM,20090935.0,12.0103125,6.065,5.94,6.065,0.0,0.0,0.0,0.0,0.0,0.0,0.0,0.0
SSM,20090936.0,12.02515625,6.065,5.94,6.065,0.0,0.0,0.0,0.0,0.0,0.0,0.0,0.0
SSM,20090937.0,12.032578125,6.065,5.94,6.065,0.0,0.0,0.0,0.0,0.0,0.0,0.0,0.0
SSM,20090938.0,12.0362890625,6.065,5.94,6.065,0.0,0.0,0.0,0.0,0.0,0.0,0.0,0.0
SSM,20090939.0,12.0381445312,6.065,5.94,6.065,0.0,0.0,0.0,0.0,0.0,0.0,0.0,0.0
SSM,20090940.0,12.0390722656,6.065,5.94,6.065,0.0,0.0,0.0,0.0,0.0,0.0,0.0,0.0
SSM,20090941.0,12.0395361328,6.065,5.94,6.065,0.0,0.0,0.0,0.0,0.0,0.0,0.0,0.0
SSM,20090942.0,12.0397680664,6.065,5.94,6.065,0.0,0.0,0.0,0.0,0.0,0.0,0.0,0.0
SSM,20090943.0,12.0398840332,6.065,5.94,6.065,0.0,0.0,0.0,0.0,0.0,0.0,0.0,0.0
SSM,20090944.0,12.0399420166,6.065,5.94,6.065,0.0,0.0,0.0,0.0,0.0,0.0,0.0,0.0
SSM,20090945.0,12.0399710083,6.065,5.94,6.065,0.0,0.0,0.0,0.0,0.0,0.0,0.0,0.0
SSM,20090946.0,12.0399855042,6.065,5.94,6.065,0.0,0.0,0.0,0.0,0.0,0.0,0.0,0.0
SSM,20090947.0,12.0399927521,6.065,5.94,6.065,0.0,0.0,0.0,0.0,0.0,0.0,0.0,0.0
SSM,20090948.0,12.039996376,6.065,5.94,6.065,0.0,0.0,0.0,0.0,0.0,0.0,0.0,0.0
SSM,20090949.0,12.039998188,6.065,5.94,6.065,0.0,0.0,0.0,0.0,0.0,0.0,0.0,0.0
SSM,20090950.0,12.039999094,6.065,5.94,6.065,0.0,0.0,0.0,0.0,0.0,0.0,0.0,0.0
SSM,20090951.0,12.039999547,6.065,5.94,6.065,0.0,0.0,0.0,0.0,0.0,0.0,0.0,0.0
SSM,20090952.0,12.0399997735,6.065,5.94,6.065,0.0,0.0,0.0,0.0,0.0,0.0,0.0,0.0
SSM,20090953.0,12.0399998868,6.065,5.94,6.065,0.0,0.0,0.0,0.0,0.0,0.0,0.0,0.0
SSM,20090954.0,12.0399999434,6.065,5.94,6.065,0.0,0.0,0.0,0.0,0.0,0.0,0.0,0.0
SSM,20090955.0,12.0399999717,6.065,5.94,6.065,0.0,0.0,0.0,0.0,0.0,0.0,0.0,0.0
SSM,20090956.0,12.0399999858,6.065,5.94,6.065,0.0,0.0,0.0,0.0,0.0,0.0,0.0,0.0
SSM,20090957.0,12.0399999929,6.065,5.94,6.065,0.0,0.0,0.0,0.0,0.0,0.0,0.0,0.0
SSM,20090958.0,12.0399999965,6.065,5.94,6.065,0.0,0.0,0.0,0.0,0.0,0.0,0.0,0.0
SSM,20090959.0,12.0399999982,6.065,5.94,6.065,0.0,0.0,0.0,0.0,0.0,0.0,0.0,0.0
SSM,20090960.0,12.0399999991,6.065,5.94,6.065,0.0,0.0,0.0,0.0,0.0,0.0,0.0,0.0
SSM,20090961.0,12.0399999996,6.065,5.94,6.065,0.0,0.0,0.0,0.0,0.0,0.0,0.0,0.0
SSM,20090962.0,12.0399999998,6.065,5.94,6.065,0.0,0.0,0.0,0.0,0.0,0.0,0.0,0.0
SSM,20090963.0,12.0399999999,6.065,5.94,6.065,0.0,0.0,0.0,0.0,0.0,0.0,0.0,0.0
SSM,20090964.0,12.0399999999,6.065,5.94,6.065,0.0,0.0,0.0,0.0,0.0,0.0,0.0,0.0
SSM,20090965.0,12.04,6.065,5.94,6.065,0.0,0.0,0.0,0.0,0.0,0.0,0.0,0.0
SSM,20090966.0,12.04,6.065,5.94,6.065,0.0,0.0,0.0,0.0,0.0,0.0,0.0,0.0
SSM,20090967.0,12.04,6.065,5.94,6.065,0.0,0.0,0.0,0.0,0.0,0.0,0.0,0.0
SSM,20090968.0,12.04,6.065,5.94,6.065,0.0,0.0,0.0,0.0,0.0,0.0,0.0,0.0
SSM,20090969.0,12.04,6.065,5.94,6.065,0.0,0.0,0.0,0.0,0.0,0.0,0.0,0.0
SSM,20090970.0,12.04,6.065,5.94,6.065,0.0,0.0,0.0,0.0,0.0,0.0,0.0,0.0
SSM,20090971.0,12.04,6.065,5.94,6.065,0.0,0.0,0.0,0.0,0.0,0.0,0.0,0.0
SSM,20090972.0,12.04,6.065,5.94,6.065,0.0,0.0,0.0,0.0,0.0,0.0,0.0,0.0
SSM,20090973.0,12.04,6.065,5.94,6.065,0.0,0.0,0.0,0.0,0.0,0.0,0.0,0.0
SSM,20090974.0,12.04,6.065,5.94,6.065,0.0,0.0,0.0,0.0,0.0,0.0,0.0,0.0
SSM,20090975.0,12.04,6.065,5.94,6.065,0.0,0.0,0.0,0.0,0.0,0.0,0.0,0.0
SSM,20090976.0,12.04,6.065,5.94,6.065,0.0,0.0,0.0,0.0,0.0,0.0,0.0,0.0
SSM,20090977.0,12.04,6.065,5.94,6.065,0.0,0.0,0.0,0.0,0.0,0.0,0.0,0.0
SSM,20090978.0,12.04,6.065,5.94,6.065,0.0,0.0,0.0,0.0,0.0,0.0,0.0,0.0
SSM,20090979.0,12.04,6.065,5.94,6.065,0.0,0.0,0.0,0.0,0.0,0.0,0.0,0.0
SSM,20090980.0,12.04,6.065,5.94,6.065,0.0,0.0,0.0,0.0,0.0,0.0,0.0,0.0
SSM,20090981.0,12.04,6.065,5.94,6.065,0.0,0.0,0.0,0.0,0.0,0.0,0.0,0.0
SSM,20090982.0,12.04,6.065,5.94,6.065,0.0,0.0,0.0,0.0,0.0,0.0,0.0,0.0
SSM,20090983.0,12.04,6.065,5.94,6.065,0.0,0.0,0.0,0.0,0.0,0.0,0.0,0.0
SSM,20090984.0,12.04,6.065,5.94,6.065,0.0,0.0,0.0,0.0,0.0,0.0,0.0,0.0
SSM,20090985.0,12.04,6.065,5.94,6.065,0.0,0.0,0.0,0.0,0.0,0.0,0.0,0.0
SSM,20090986.0,12.04,6.065,5.94,6.065,0.0,0.0,0.0,0.0,0.0,0.0,0.0,0.0
SSM,20090987.0,12.04,6.065,5.94,6.065,0.0,0.0,0.0,0.0,0.0,0.0,0.0,0.0
SSM,20090988.0,12.04,6.065,5.94,6.065,0.0,0.0,0.0,0.0,0.0,0.0,0.0,0.0
SSM,20090989.0,12.04,6.065,5.94,6.065,0.0,0.0,0.0,0.0,0.0,0.0,0.0,0.0
SSM,20090990.0,12.04,6.065,5.94,6.065,0.0,0.0,0.0,0.0,0.0,0.0,0.0,0.0
SSM,20090991.0,12.04,6.065,5.94,6.065,0.0,0.0,0.0,0.0,0.0,0.0,0.0,0.0
SSM,20090992.0,12.04,6.065,5.94,6.065,0.0,0.0,0.0,0.0,0.0,0.0,0.0,0.0
SSM,20090993.0,12.04,6.065,5.94,6.065,0.0,0.0,0.0,0.0,0.0,0.0,0.0,0.0
SSM,20090994.0,12.04,6.065,5.94,6.065,0.0,0.0,0.0,0.0,0.0,0.0,0.0,0.0
SSM,20090995.0,12.04,6.065,5.94,6.065,0.0,0.0,0.0,0.0,0.0,0.0,0.0,0.0
SSM,20090996.0,12.04,6.065,5.94,6.065,0.0,0.0,0.0,0.0,0.0,0.0,0.0,0.0
SSM,20090997.0,12.04,6.065,5.94,6.065,0.0,0.0,0.0,0.0,0.0,0.0,0.0,0.0
SSM,20090998.0,12.04,6.065,5.94,6.065,0.0,0.0,0.0,0.0,0.0,0.0,0.0,0.0
SSM,20090999.0,12.04,6.065,5.94,6.065,0.0,0.0,0.0,0.0,0.0,0.0,0.0,0.0
SSM,20091000.0,12.04,6.065,5.94,6.065,0.0,0.0,0.0,0.0,0.0,0.0,0.0,0.0
SSM,20091001.0,12.04,12.13,11.88,12.13,0.0,0.0,0.0,0.0,0.0,0.0,0.0,0.0
SSM,20091002.0,12.35,12.35,11.25,11.72,0.0,0.0,0.0,0.0,0.0,0.0,0.0,0.0
SSM,20091003.0,11.88,5.905,5.39,5.61,0.0,0.0,0.0,0.0,0.0,0.0,0.0,0.0
SSM,20091004.0,11.645,5.905,5.39,5.61,0.0,0.0,0.0,0.0,0.0,0.0,0.0,0.0
SSM,20091005.0,11.41,11.81,10.78,11.22,0.0,0.0,0.0,0.0,0.0,0.0,0.0,0.0
SSM,20091006.0,11.25,11.53,10.94,11.16,0.0,0.0,0.0,0.0,0.0,0.0,0.0,0.0
SSM,20091007.0,11.25,11.41,11.0,11.25,0.0,0.0,0.0,0.0,0.0,0.0,0.0,0.0
SSM,20091008.0,11.09,11.25,11.09,11.16,0.0,0.0,0.0,0.0,0.0,0.0,0.0,0.0
SSM,20091009.0,11.72,11.91,11.35,11.91,0.0,0.0,0.0,0.0,0.0,0.0,0.0,0.0
SSM,20091010.0,12.145,6.33,6.25,6.33,0.0,0.0,0.0,0.0,0.0,0.0,0.0,0.0
SSM,20091011.0,12.3575,6.33,6.25,6.33,0.0,0.0,0.0,0.0,0.0,0.0,0.0,0.0
SSM,20091012.0,12.57,12.66,12.5,12.66,0.0,0.0,0.0,0.0,0.0,0.0,0.0,0.0
SSM,20091013.0,13.54,13.54,12.35,12.66,0.0,0.0,0.0,0.0,0.0,0.0,0.0,0.0
SSM,20091014.0,12.75,12.94,12.5,12.75,0.0,0.0,0.0,0.0,0.0,0.0,0.0,0.0
SSM,20091015.0,13.59,13.59,13.0,13.1,0.0,0.0,0.0,0.0,0.0,0.0,0.0,0.0
SSM,20091016.0,14.41,14.41,12.66,12.78,0.0,0.0,0.0,0.0,0.0,0.0,0.0,0.0
SSM,20091017.0,13.535,6.33,6.095,6.235,0.0,0.0,0.0,0.0,0.0,0.0,0.0,0.0
SSM,20091018.0,13.0975,6.33,6.095,6.235,0.0,0.0,0.0,0.0,0.0,0.0,0.0,0.0
SSM,20091019.0,12.66,12.66,12.19,12.47,0.0,0.0,0.0,0.0,0.0,0.0,0.0,0.0
SSM,20091020.0,12.81,12.81,12.34,12.78,0.0,0.0,0.0,0.0,0.0,0.0,0.0,0.0
SSM,20091021.0,12.66,12.66,12.28,12.28,0.0,0.0,0.0,0.0,0.0,0.0,0.0,0.0
SSM,20091022.0,12.25,12.25,11.5,11.88,0.0,0.0,0.0,0.0,0.0,0.0,0.0,0.0
SSM,20091023.0,12.19,12.51,11.57,11.75,0.0,0.0,0.0,0.0,0.0,0.0,0.0,0.0
SSM,20091024.0,12.095,6.095,5.81,5.94,0.0,0.0,0.0,0.0,0.0,0.0,0.0,0.0
SSM,20091025.0,12.0475,6.095,5.81,5.94,0.0,0.0,0.0,0.0,0.0,0.0,0.0,0.0
SSM,20091026.0,12.0,12.19,11.62,11.88,0.0,0.0,0.0,0.0,0.0,0.0,0.0,0.0
SSM,20091027.0,11.38,11.6,11.38,11.57,0.0,0.0,0.0,0.0,0.0,0.0,0.0,0.0
SSM,20091028.0,11.54,12.01,11.54,11.57,0.0,0.0,0.0,0.0,0.0,0.0,0.0,0.0
SSM,20091029.0,11.95,11.95,11.04,11.32,0.0,0.0,0.0,0.0,0.0,0.0,0.0,0.0
SSM,20091030.0,12.01,12.01,11.57,11.69,0.0,0.0,0.0,0.0,0.0,0.0,0.0,0.0
SSM,20091031.0,11.445,5.455,5.44,5.44,0.0,0.0,0.0,0.0,0.0,0.0,0.0,0.0
SSM,20091032.0,11.1625,5.455,5.44,5.44,0.0,0.0,0.0,0.0,0.0,0.0,0.0,0.0
SSM,20091033.0,11.02125,5.455,5.44,5.44,0.0,0.0,0.0,0.0,0.0,0.0,0.0,0.0
SSM,20091034.0,10.950625,5.455,5.44,5.44,0.0,0.0,0.0,0.0,0.0,0.0,0.0,0.0
SSM,20091035.0,10.9153125,5.455,5.44,5.44,0.0,0.0,0.0,0.0,0.0,0.0,0.0,0.0
SSM,20091036.0,10.89765625,5.455,5.44,5.44,0.0,0.0,0.0,0.0,0.0,0.0,0.0,0.0
SSM,20091037.0,10.888828125,5.455,5.44,5.44,0.0,0.0,0.0,0.0,0.0,0.0,0.0,0.0
SSM,20091038.0,10.8844140625,5.455,5.44,5.44,0.0,0.0,0.0,0.0,0.0,0.0,0.0,0.0
SSM,20091039.0,10.8822070313,5.455,5.44,5.44,0.0,0.0,0.0,0.0,0.0,0.0,0.0,0.0
SSM,20091040.0,10.8811035156,5.455,5.44,5.44,0.0,0.0,0.0,0.0,0.0,0.0,0.0,0.0
SSM,20091041.0,10.8805517578,5.455,5.44,5.44,0.0,0.0,0.0,0.0,0.0,0.0,0.0,0.0
SSM,20091042.0,10.8802758789,5.455,5.44,5.44,0.0,0.0,0.0,0.0,0.0,0.0,0.0,0.0
SSM,20091043.0,10.8801379395,5.455,5.44,5.44,0.0,0.0,0.0,0.0,0.0,0.0,0.0,0.0
SSM,20091044.0,10.8800689697,5.455,5.44,5.44,0.0,0.0,0.0,0.0,0.0,0.0,0.0,0.0
SSM,20091045.0,10.8800344849,5.455,5.44,5.44,0.0,0.0,0.0,0.0,0.0,0.0,0.0,0.0
SSM,20091046.0,10.8800172424,5.455,5.44,5.44,0.0,0.0,0.0,0.0,0.0,0.0,0.0,0.0
SSM,20091047.0,10.8800086212,5.455,5.44,5.44,0.0,0.0,0.0,0.0,0.0,0.0,0.0,0.0
SSM,20091048.0,10.8800043106,5.455,5.44,5.44,0.0,0.0,0.0,0.0,0.0,0.0,0.0,0.0
SSM,20091049.0,10.8800021553,5.455,5.44,5.44,0.0,0.0,0.0,0.0,0.0,0.0,0.0,0.0
SSM,20091050.0,10.8800010777,5.455,5.44,5.44,0.0,0.0,0.0,0.0,0.0,0.0,0.0,0.0
SSM,20091051.0,10.8800005388,5.455,5.44,5.44,0.0,0.0,0.0,0.0,0.0,0.0,0.0,0.0
SSM,20091052.0,10.8800002694,5.455,5.44,5.44,0.0,0.0,0.0,0.0,0.0,0.0,0.0,0.0
SSM,20091053.0,10.8800001347,5.455,5.44,5.44,0.0,0.0,0.0,0.0,0.0,0.0,0.0,0.0
SSM,20091054.0,10.8800000674,5.455,5.44,5.44,0.0,0.0,0.0,0.0,0.0,0.0,0.0,0.0
SSM,20091055.0,10.8800000337,5.455,5.44,5.44,0.0,0.0,0.0,0.0,0.0,0.0,0.0,0.0
SSM,20091056.0,10.8800000168,5.455,5.44,5.44,0.0,0.0,0.0,0.0,0.0,0.0,0.0,0.0
SSM,20091057.0,10.8800000084,5.455,5.44,5.44,0.0,0.0,0.0,0.0,0.0,0.0,0.0,0.0
SSM,20091058.0,10.8800000042,5.455,5.44,5.44,0.0,0.0,0.0,0.0,0.0,0.0,0.0,0.0
SSM,20091059.0,10.8800000021,5.455,5.44,5.44,0.0,0.0,0.0,0.0,0.0,0.0,0.0,0.0
SSM,20091060.0,10.8800000011,5.455,5.44,5.44,0.0,0.0,0.0,0.0,0.0,0.0,0.0,0.0
SSM,20091061.0,10.8800000005,5.455,5.44,5.44,0.0,0.0,0.0,0.0,0.0,0.0,0.0,0.0
SSM,20091062.0,10.8800000003,5.455,5.44,5.44,0.0,0.0,0.0,0.0,0.0,0.0,0.0,0.0
SSM,20091063.0,10.8800000001,5.455,5.44,5.44,0.0,0.0,0.0,0.0,0.0,0.0,0.0,0.0
SSM,20091064.0,10.8800000001,5.455,5.44,5.44,0.0,0.0,0.0,0.0,0.0,0.0,0.0,0.0
SSM,20091065.0,10.88,5.455,5.44,5.44,0.0,0.0,0.0,0.0,0.0,0.0,0.0,0.0
SSM,20091066.0,10.88,5.455,5.44,5.44,0.0,0.0,0.0,0.0,0.0,0.0,0.0,0.0
SSM,20091067.0,10.88,5.455,5.44,5.44,0.0,0.0,0.0,0.0,0.0,0.0,0.0,0.0
SSM,20091068.0,10.88,5.455,5.44,5.44,0.0,0.0,0.0,0.0,0.0,0.0,0.0,0.0
SSM,20091069.0,10.88,5.455,5.44,5.44,0.0,0.0,0.0,0.0,0.0,0.0,0.0,0.0
SSM,20091070.0,10.88,5.455,5.44,5.44,0.0,0.0,0.0,0.0,0.0,0.0,0.0,0.0
SSM,20091071.0,10.88,5.455,5.44,5.44,0.0,0.0,0.0,0.0,0.0,0.0,0.0,0.0
SSM,20091072.0,10.88,5.455,5.44,5.44,0.0,0.0,0.0,0.0,0.0,0.0,0.0,0.0
SSM,20091073.0,10.88,5.455,5.44,5.44,0.0,0.0,0.0,0.0,0.0,0.0,0.0,0.0
SSM,20091074.0,10.88,5.455,5.44,5.44,0.0,0.0,0.0,0.0,0.0,0.0,0.0,0.0
SSM,20091075.0,10.88,5.455,5.44,5.44,0.0,0.0,0.0,0.0,0.0,0.0,0.0,0.0
SSM,20091076.0,10.88,5.455,5.44,5.44,0.0,0.0,0.0,0.0,0.0,0.0,0.0,0.0
SSM,20091077.0,10.88,5.455,5.44,5.44,0.0,0.0,0.0,0.0,0.0,0.0,0.0,0.0
SSM,20091078.0,10.88,5.455,5.44,5.44,0.0,0.0,0.0,0.0,0.0,0.0,0.0,0.0
SSM,20091079.0,10.88,5.455,5.44,5.44,0.0,0.0,0.0,0.0,0.0,0.0,0.0,0.0
SSM,20091080.0,10.88,5.455,5.44,5.44,0.0,0.0,0.0,0.0,0.0,0.0,0.0,0.0
SSM,20091081.0,10.88,5.455,5.44,5.44,0.0,0.0,0.0,0.0,0.0,0.0,0.0,0.0
SSM,20091082.0,10.88,5.455,5.44,5.44,0.0,0.0,0.0,0.0,0.0,0.0,0.0,0.0
SSM,20091083.0,10.88,5.455,5.44,5.44,0.0,0.0,0.0,0.0,0.0,0.0,0.0,0.0
SSM,20091084.0,10.88,5.455,5.44,5.44,0.0,0.0,0.0,0.0,0.0,0.0,0.0,0.0
SSM,20091085.0,10.88,5.455,5.44,5.44,0.0,0.0,0.0,0.0,0.0,0.0,0.0,0.0
SSM,20091086.0,10.88,5.455,5.44,5.44,0.0,0.0,0.0,0.0,0.0,0.0,0.0,0.0
SSM,20091087.0,10.88,5.455,5.44,5.44,0.0,0.0,0.0,0.0,0.0,0.0,0.0,0.0
SSM,20091088.0,10.88,5.455,5.44,5.44,0.0,0.0,0.0,0.0,0.0,0.0,0.0,0.0
SSM,20091089.0,10.88,5.455,5.44,5.44,0.0,0.0,0.0,0.0,0.0,0.0,0.0,0.0
SSM,20091090.0,10.88,5.455,5.44,5.44,0.0,0.0,0.0,0.0,0.0,0.0,0.0,0.0
SSM,20091091.0,10.88,5.455,5.44,5.44,0.0,0.0,0.0,0.0,0.0,0.0,0.0,0.0
SSM,20091092.0,10.88,5.455,5.44,5.44,0.0,0.0,0.0,0.0,0.0,0.0,0.0,0.0
SSM,20091093.0,10.88,5.455,5.44,5.44,0.0,0.0,0.0,0.0,0.0,0.0,0.0,0.0
SSM,20091094.0,10.88,5.455,5.44,5.44,0.0,0.0,0.0,0.0,0.0,0.0,0.0,0.0
SSM,20091095.0,10.88,5.455,5.44,5.44,0.0,0.0,0.0,0.0,0.0,0.0,0.0,0.0
SSM,20091096.0,10.88,5.455,5.44,5.44,0.0,0.0,0.0,0.0,0.0,0.0,0.0,0.0
SSM,20091097.0,10.88,5.455,5.44,5.44,0.0,0.0,0.0,0.0,0.0,0.0,0.0,0.0
SSM,20091098.0,10.88,5.455,5.44,5.44,0.0,0.0,0.0,0.0,0.0,0.0,0.0,0.0
SSM,20091099.0,10.88,5.455,5.44,5.44,0.0,0.0,0.0,0.0,0.0,0.0,0.0,0.0
SSM,20091100.0,10.88,5.455,5.44,5.44,0.0,0.0,0.0,0.0,0.0,0.0,0.0,0.0
SSM,20091101.0,10.88,5.455,5.44,5.44,0.0,0.0,0.0,0.0,0.0,0.0,0.0,0.0
SSM,20091102.0,10.88,10.91,10.88,10.88,0.0,0.0,0.0,0.0,0.0,0.0,0.0,0.0
SSM,20091103.0,11.04,11.07,10.13,10.13,0.0,0.0,0.0,0.0,0.0,0.0,0.0,0.0
SSM,20091104.0,9.79,10.57,9.72,9.85,0.0,0.0,0.0,0.0,0.0,0.0,0.0,0.0
SSM,20091105.0,9.91,10.29,9.85,10.16,0.0,0.0,0.0,0.0,0.0,0.0,0.0,0.0
SSM,20091106.0,10.63,10.82,9.85,10.47,0.0,0.0,0.0,0.0,0.0,0.0,0.0,0.0
SSM,20091107.0,10.505,5.19,4.89,4.89,0.0,0.0,0.0,0.0,0.0,0.0,0.0,0.0
SSM,20091108.0,10.4425,5.19,4.89,4.89,0.0,0.0,0.0,0.0,0.0,0.0,0.0,0.0
SSM,20091109.0,10.38,10.38,9.78,9.78,0.0,0.0,0.0,0.0,0.0,0.0,0.0,0.0
SSM,20091110.0,10.06,10.09,9.12,9.35,0.0,0.0,0.0,0.0,0.0,0.0,0.0,0.0
SSM,20091111.0,9.69,9.85,8.76,9.69,0.0,0.0,0.0,0.0,0.0,0.0,0.0,0.0
SSM,20091112.0,9.69,9.85,9.53,9.66,0.0,0.0,0.0,0.0,0.0,0.0,0.0,0.0
SSM,20091113.0,9.69,9.69,9.44,9.53,0.0,0.0,0.0,0.0,0.0,0.0,0.0,0.0
SSM,20091114.0,9.61,5.075,4.765,5.08,0.0,0.0,0.0,0.0,0.0,0.0,0.0,0.0
SSM,20091115.0,9.57,5.075,4.765,5.08,0.0,0.0,0.0,0.0,0.0,0.0,0.0,0.0
SSM,20091116.0,9.53,10.15,9.53,10.16,0.0,0.0,0.0,0.0,0.0,0.0,0.0,0.0
SSM,20091117.0,10.72,10.72,10.1,10.28,0.0,0.0,0.0,0.0,0.0,0.0,0.0,0.0
SSM,20091118.0,10.31,10.56,9.91,10.41,0.0,0.0,0.0,0.0,0.0,0.0,0.0,0.0
SSM,20091119.0,10.32,10.63,10.25,10.32,0.0,0.0,0.0,0.0,0.0,0.0,0.0,0.0
SSM,20091120.0,10.07,10.38,10.01,10.16,0.0,0.0,0.0,0.0,0.0,0.0,0.0,0.0
SSM,20091121.0,10.115,5.08,4.765,4.815,0.0,0.0,0.0,0.0,0.0,0.0,0.0,0.0
SSM,20091122.0,10.1375,5.08,4.765,4.815,0.0,0.0,0.0,0.0,0.0,0.0,0.0,0.0
SSM,20091123.0,10.16,10.16,9.53,9.63,0.0,0.0,0.0,0.0,0.0,0.0,0.0,0.0
SSM,20091124.0,9.69,9.76,9.1,9.19,0.0,0.0,0.0,0.0,0.0,0.0,0.0,0.0
SSM,20091125.0,8.75,8.75,8.53,8.53,0.0,0.0,0.0,0.0,0.0,0.0,0.0,0.0
SSM,20091126.0,8.03,8.03,7.97,7.97,0.0,0.0,0.0,0.0,0.0,0.0,0.0,0.0
SSM,20091127.0,7.44,8.44,7.44,7.81,0.0,0.0,0.0,0.0,0.0,0.0,0.0,0.0
SSM,20091128.0,7.685,4.045,3.905,4.015,0.0,0.0,0.0,0.0,0.0,0.0,0.0,0.0
SSM,20091129.0,7.8075,4.045,3.905,4.015,0.0,0.0,0.0,0.0,0.0,0.0,0.0,0.0
SSM,20091130.0,7.93,8.09,7.81,8.03,0.0,0.0,0.0,0.0,0.0,0.0,0.0,0.0
SSM,20091131.0,8.12,4.265,4.06,4.22,0.0,0.0,0.0,0.0,0.0,0.0,0.0,0.0
SSM,20091132.0,8.215,4.265,4.06,4.22,0.0,0.0,0.0,0.0,0.0,0.0,0.0,0.0
SSM,20091133.0,8.2625,4.265,4.06,4.22,0.0,0.0,0.0,0.0,0.0,0.0,0.0,0.0
SSM,20091134.0,8.28625,4.265,4.06,4.22,0.0,0.0,0.0,0.0,0.0,0.0,0.0,0.0
SSM,20091135.0,8.298125,4.265,4.06,4.22,0.0,0.0,0.0,0.0,0.0,0.0,0.0,0.0
SSM,20091136.0,8.3040625,4.265,4.06,4.22,0.0,0.0,0.0,0.0,0.0,0.0,0.0,0.0
SSM,20091137.0,8.30703125,4.265,4.06,4.22,0.0,0.0,0.0,0.0,0.0,0.0,0.0,0.0
SSM,20091138.0,8.308515625,4.265,4.06,4.22,0.0,0.0,0.0,0.0,0.0,0.0,0.0,0.0
SSM,20091139.0,8.3092578125,4.265,4.06,4.22,0.0,0.0,0.0,0.0,0.0,0.0,0.0,0.0
SSM,20091140.0,8.30962890625,4.265,4.06,4.22,0.0,0.0,0.0,0.0,0.0,0.0,0.0,0.0
SSM,20091141.0,8.30981445312,4.265,4.06,4.22,0.0,0.0,0.0,0.0,0.0,0.0,0.0,0.0
SSM,20091142.0,8.30990722656,4.265,4.06,4.22,0.0,0.0,0.0,0.0,0.0,0.0,0.0,0.0
SSM,20091143.0,8.30995361328,4.265,4.06,4.22,0.0,0.0,0.0,0.0,0.0,0.0,0.0,0.0
SSM,20091144.0,8.30997680664,4.265,4.06,4.22,0.0,0.0,0.0,0.0,0.0,0.0,0.0,0.0
SSM,20091145.0,8.30998840332,4.265,4.06,4.22,0.0,0.0,0.0,0.0,0.0,0.0,0.0,0.0
SSM,20091146.0,8.30999420166,4.265,4.06,4.22,0.0,0.0,0.0,0.0,0.0,0.0,0.0,0.0
SSM,20091147.0,8.30999710083,4.265,4.06,4.22,0.0,0.0,0.0,0.0,0.0,0.0,0.0,0.0
SSM,20091148.0,8.30999855042,4.265,4.06,4.22,0.0,0.0,0.0,0.0,0.0,0.0,0.0,0.0
SSM,20091149.0,8.30999927521,4.265,4.06,4.22,0.0,0.0,0.0,0.0,0.0,0.0,0.0,0.0
SSM,20091150.0,8.3099996376,4.265,4.06,4.22,0.0,0.0,0.0,0.0,0.0,0.0,0.0,0.0
SSM,20091151.0,8.3099998188,4.265,4.06,4.22,0.0,0.0,0.0,0.0,0.0,0.0,0.0,0.0
SSM,20091152.0,8.3099999094,4.265,4.06,4.22,0.0,0.0,0.0,0.0,0.0,0.0,0.0,0.0
SSM,20091153.0,8.3099999547,4.265,4.06,4.22,0.0,0.0,0.0,0.0,0.0,0.0,0.0,0.0
SSM,20091154.0,8.30999997735,4.265,4.06,4.22,0.0,0.0,0.0,0.0,0.0,0.0,0.0,0.0
SSM,20091155.0,8.30999998868,4.265,4.06,4.22,0.0,0.0,0.0,0.0,0.0,0.0,0.0,0.0
SSM,20091156.0,8.30999999434,4.265,4.06,4.22,0.0,0.0,0.0,0.0,0.0,0.0,0.0,0.0
SSM,20091157.0,8.30999999717,4.265,4.06,4.22,0.0,0.0,0.0,0.0,0.0,0.0,0.0,0.0
SSM,20091158.0,8.30999999858,4.265,4.06,4.22,0.0,0.0,0.0,0.0,0.0,0.0,0.0,0.0
SSM,20091159.0,8.30999999929,4.265,4.06,4.22,0.0,0.0,0.0,0.0,0.0,0.0,0.0,0.0
SSM,20091160.0,8.30999999965,4.265,4.06,4.22,0.0,0.0,0.0,0.0,0.0,0.0,0.0,0.0
SSM,20091161.0,8.30999999982,4.265,4.06,4.22,0.0,0.0,0.0,0.0,0.0,0.0,0.0,0.0
SSM,20091162.0,8.30999999991,4.265,4.06,4.22,0.0,0.0,0.0,0.0,0.0,0.0,0.0,0.0
SSM,20091163.0,8.30999999996,4.265,4.06,4.22,0.0,0.0,0.0,0.0,0.0,0.0,0.0,0.0
SSM,20091164.0,8.30999999998,4.265,4.06,4.22,0.0,0.0,0.0,0.0,0.0,0.0,0.0,0.0
SSM,20091165.0,8.30999999999,4.265,4.06,4.22,0.0,0.0,0.0,0.0,0.0,0.0,0.0,0.0
SSM,20091166.0,8.30999999999,4.265,4.06,4.22,0.0,0.0,0.0,0.0,0.0,0.0,0.0,0.0
SSM,20091167.0,8.31,4.265,4.06,4.22,0.0,0.0,0.0,0.0,0.0,0.0,0.0,0.0
SSM,20091168.0,8.31,4.265,4.06,4.22,0.0,0.0,0.0,0.0,0.0,0.0,0.0,0.0
SSM,20091169.0,8.31,4.265,4.06,4.22,0.0,0.0,0.0,0.0,0.0,0.0,0.0,0.0
SSM,20091170.0,8.31,4.265,4.06,4.22,0.0,0.0,0.0,0.0,0.0,0.0,0.0,0.0
SSM,20091171.0,8.31,4.265,4.06,4.22,0.0,0.0,0.0,0.0,0.0,0.0,0.0,0.0
SSM,20091172.0,8.31,4.265,4.06,4.22,0.0,0.0,0.0,0.0,0.0,0.0,0.0,0.0
SSM,20091173.0,8.31,4.265,4.06,4.22,0.0,0.0,0.0,0.0,0.0,0.0,0.0,0.0
SSM,20091174.0,8.31,4.265,4.06,4.22,0.0,0.0,0.0,0.0,0.0,0.0,0.0,0.0
SSM,20091175.0,8.31,4.265,4.06,4.22,0.0,0.0,0.0,0.0,0.0,0.0,0.0,0.0
SSM,20091176.0,8.31,4.265,4.06,4.22,0.0,0.0,0.0,0.0,0.0,0.0,0.0,0.0
SSM,20091177.0,8.31,4.265,4.06,4.22,0.0,0.0,0.0,0.0,0.0,0.0,0.0,0.0
SSM,20091178.0,8.31,4.265,4.06,4.22,0.0,0.0,0.0,0.0,0.0,0.0,0.0,0.0
SSM,20091179.0,8.31,4.265,4.06,4.22,0.0,0.0,0.0,0.0,0.0,0.0,0.0,0.0
SSM,20091180.0,8.31,4.265,4.06,4.22,0.0,0.0,0.0,0.0,0.0,0.0,0.0,0.0
SSM,20091181.0,8.31,4.265,4.06,4.22,0.0,0.0,0.0,0.0,0.0,0.0,0.0,0.0
SSM,20091182.0,8.31,4.265,4.06,4.22,0.0,0.0,0.0,0.0,0.0,0.0,0.0,0.0
SSM,20091183.0,8.31,4.265,4.06,4.22,0.0,0.0,0.0,0.0,0.0,0.0,0.0,0.0
SSM,20091184.0,8.31,4.265,4.06,4.22,0.0,0.0,0.0,0.0,0.0,0.0,0.0,0.0
SSM,20091185.0,8.31,4.265,4.06,4.22,0.0,0.0,0.0,0.0,0.0,0.0,0.0,0.0
SSM,20091186.0,8.31,4.265,4.06,4.22,0.0,0.0,0.0,0.0,0.0,0.0,0.0,0.0
SSM,20091187.0,8.31,4.265,4.06,4.22,0.0,0.0,0.0,0.0,0.0,0.0,0.0,0.0
SSM,20091188.0,8.31,4.265,4.06,4.22,0.0,0.0,0.0,0.0,0.0,0.0,0.0,0.0
SSM,20091189.0,8.31,4.265,4.06,4.22,0.0,0.0,0.0,0.0,0.0,0.0,0.0,0.0
SSM,20091190.0,8.31,4.265,4.06,4.22,0.0,0.0,0.0,0.0,0.0,0.0,0.0,0.0
SSM,20091191.0,8.31,4.265,4.06,4.22,0.0,0.0,0.0,0.0,0.0,0.0,0.0,0.0
SSM,20091192.0,8.31,4.265,4.06,4.22,0.0,0.0,0.0,0.0,0.0,0.0,0.0,0.0
SSM,20091193.0,8.31,4.265,4.06,4.22,0.0,0.0,0.0,0.0,0.0,0.0,0.0,0.0
SSM,20091194.0,8.31,4.265,4.06,4.22,0.0,0.0,0.0,0.0,0.0,0.0,0.0,0.0
SSM,20091195.0,8.31,4.265,4.06,4.22,0.0,0.0,0.0,0.0,0.0,0.0,0.0,0.0
SSM,20091196.0,8.31,4.265,4.06,4.22,0.0,0.0,0.0,0.0,0.0,0.0,0.0,0.0
SSM,20091197.0,8.31,4.265,4.06,4.22,0.0,0.0,0.0,0.0,0.0,0.0,0.0,0.0
SSM,20091198.0,8.31,4.265,4.06,4.22,0.0,0.0,0.0,0.0,0.0,0.0,0.0,0.0
SSM,20091199.0,8.31,4.265,4.06,4.22,0.0,0.0,0.0,0.0,0.0,0.0,0.0,0.0
SSM,20091200.0,8.31,4.265,4.06,4.22,0.0,0.0,0.0,0.0,0.0,0.0,0.0,0.0
SSM,20091201.0,8.31,8.53,8.12,8.44,0.0,0.0,0.0,0.0,0.0,0.0,0.0,0.0
SSM,20091202.0,8.53,8.53,7.91,7.91,0.0,0.0,0.0,0.0,0.0,0.0,0.0,0.0
SSM,20091203.0,7.66,7.88,7.66,7.81,0.0,0.0,0.0,0.0,0.0,0.0,0.0,0.0
SSM,20091204.0,8.06,8.06,7.72,7.78,0.0,0.0,0.0,0.0,0.0,0.0,0.0,0.0
SSM,20091205.0,7.965,3.985,3.765,3.765,0.0,0.0,0.0,0.0,0.0,0.0,0.0,0.0
SSM,20091206.0,7.9175,3.985,3.765,3.765,0.0,0.0,0.0,0.0,0.0,0.0,0.0,0.0
SSM,20091207.0,7.87,7.97,7.53,7.53,0.0,0.0,0.0,0.0,0.0,0.0,0.0,0.0
SSM,20091208.0,7.84,7.97,7.53,7.72,0.0,0.0,0.0,0.0,0.0,0.0,0.0,0.0
SSM,20091209.0,7.5,7.5,7.22,7.28,0.0,0.0,0.0,0.0,0.0,0.0,0.0,0.0
SSM,20091210.0,7.31,7.5,6.72,6.72,0.0,0.0,0.0,0.0,0.0,0.0,0.0,0.0
SSM,20091211.0,6.56,6.56,6.38,6.38,0.0,0.0,0.0,0.0,0.0,0.0,0.0,0.0
SSM,20091212.0,6.485,3.425,3.205,3.425,0.0,0.0,0.0,0.0,0.0,0.0,0.0,0.0
SSM,20091213.0,6.4475,3.425,3.205,3.425,0.0,0.0,0.0,0.0,0.0,0.0,0.0,0.0
SSM,20091214.0,6.41,6.85,6.41,6.85,0.0,0.0,0.0,0.0,0.0,0.0,0.0,0.0
SSM,20091215.0,6.94,6.94,6.76,6.75,0.0,0.0,0.0,0.0,0.0,0.0,0.0,0.0
SSM,20091216.0,6.72,6.72,6.34,6.35,0.0,0.0,0.0,0.0,0.0,0.0,0.0,0.0
SSM,20091217.0,6.57,6.57,6.22,6.47,0.0,0.0,0.0,0.0,0.0,0.0,0.0,0.0
SSM,20091218.0,6.56,6.78,6.56,6.78,0.0,0.0,0.0,0.0,0.0,0.0,0.0,0.0
SSM,20091219.0,6.73,3.61,3.45,3.61,0.0,0.0,0.0,0.0,0.0,0.0,0.0,0.0
SSM,20091220.0,6.815,3.61,3.45,3.61,0.0,0.0,0.0,0.0,0.0,0.0,0.0,0.0
SSM,20091221.0,6.9,7.22,6.9,7.22,0.0,0.0,0.0,0.0,0.0,0.0,0.0,0.0
SSM,20091222.0,7.5,7.5,7.03,7.03,0.0,0.0,0.0,0.0,0.0,0.0,0.0,0.0
SSM,20091223.0,6.72,7.22,6.72,7.22,0.0,0.0,0.0,0.0,0.0,0.0,0.0,0.0
SSM,20091224.0,7.19,7.56,7.19,7.56,0.0,0.0,0.0,0.0,0.0,0.0,0.0,0.0
SSM,20091225.0,7.75,7.97,7.75,7.97,0.0,0.0,0.0,0.0,0.0,0.0,0.0,0.0
SSM,20091226.0,8.11,4.235,3.985,4.11,0.0,0.0,0.0,0.0,0.0,0.0,0.0,0.0
SSM,20091227.0,8.29,4.235,3.985,4.11,0.0,0.0,0.0,0.0,0.0,0.0,0.0,0.0
SSM,20091228.0,8.47,8.47,7.97,8.22,0.0,0.0,0.0,0.0,0.0,0.0,0.0,0.0
SSM,20091229.0,8.35,8.35,7.88,7.91,0.0,0.0,0.0,0.0,0.0,0.0,0.0,0.0
SSM,20091230.0,8.04,8.57,7.97,8.56,0.0,0.0,0.0,0.0,0.0,0.0,0.0,0.0
SSM,20091231.0,9.0,9.0,8.93,9.0,0.0,0.0,0.0,0.0,0.0,0.0,0.0,0.0
